time P_1 P_2 P_{tot}
1.000000000000000082e-05 0.000000000000000000e+00 0.000000000000000000e+00 0.000000000000000000e+00
1.000999999999999980e-02 0.000000000000000000e+00 0.000000000000000000e+00 0.000000000000000000e+00
2.001000000000000001e-02 0.000000000000000000e+00 0.000000000000000000e+00 0.000000000000000000e+00
3.000999999999999848e-02 0.000000000000000000e+00 0.000000000000000000e+00 0.000000000000000000e+00
4.000999999999999696e-02 0.000000000000000000e+00 0.000000000000000000e+00 0.000000000000000000e+00
5.000999999999999890e-02 0.000000000000000000e+00 0.000000000000000000e+00 0.000000000000000000e+00
6.001000000000000084e-02 0.000000000000000000e+00 0.000000000000000000e+00 0.000000000000000000e+00
7.001000000000000278e-02 0.000000000000000000e+00 0.000000000000000000e+00 0.000000000000000000e+00
8.000999999999999779e-02 0.000000000000000000e+00 0.000000000000000000e+00 0.000000000000000000e+00
9.001000000000000667e-02 0.000000000000000000e+00 0.000000000000000000e+00 0.000000000000000000e+00
1.000100000000000017e-01 0.000000000000000000e+00 0.000000000000000000e+00 0.000000000000000000e+00
1.100099999999999967e-01 0.000000000000000000e+00 0.000000000000000000e+00 0.000000000000000000e+00
1.200100000000000056e-01 0.000000000000000000e+00 0.000000000000000000e+00 0.000000000000000000e+00
1.300099999999999867e-01 0.000000000000000000e+00 0.000000000000000000e+00 0.000000000000000000e+00
1.400099999999999956e-01 0.000000000000000000e+00 0.000000000000000000e+00 0.000000000000000000e+00
1.500100000000000044e-01 0.000000000000000000e+00 0.000000000000000000e+00 0.000000000000000000e+00
1.600100000000000133e-01 0.000000000000000000e+00 0.000000000000000000e+00 0.000000000000000000e+00
1.700099999999999945e-01 0.000000000000000000e+00 0.000000000000000000e+00 0.000000000000000000e+00
1.800100000000000033e-01 0.000000000000000000e+00 0.000000000000000000e+00 0.000000000000000000e+00
1.900100000000000122e-01 0.000000000000000000e+00 0.000000000000000000e+00 0.000000000000000000e+00
2.000099999999999933e-01 0.000000000000000000e+00 0.000000000000000000e+00 0.000000000000000000e+00
2.100100000000000022e-01 0.000000000000000000e+00 0.000000000000000000e+00 0.000000000000000000e+00
2.200100000000000111e-01 0.000000000000000000e+00 0.000000000000000000e+00 0.000000000000000000e+00
2.300099999999999922e-01 0.000000000000000000e+00 0.000000000000000000e+00 0.000000000000000000e+00
2.400100000000000011e-01 0.000000000000000000e+00 0.000000000000000000e+00 0.000000000000000000e+00
2.500100000000000100e-01 0.000000000000000000e+00 0.000000000000000000e+00 0.000000000000000000e+00
2.600100000000000189e-01 0.000000000000000000e+00 0.000000000000000000e+00 0.000000000000000000e+00
2.700099999999999723e-01 0.000000000000000000e+00 0.000000000000000000e+00 0.000000000000000000e+00
2.800099999999999811e-01 0.000000000000000000e+00 0.000000000000000000e+00 0.000000000000000000e+00
2.900099999999999900e-01 0.000000000000000000e+00 0.000000000000000000e+00 0.000000000000000000e+00
3.000099999999999989e-01 0.000000000000000000e+00 0.000000000000000000e+00 0.000000000000000000e+00
3.100100000000000078e-01 0.000000000000000000e+00 0.000000000000000000e+00 0.000000000000000000e+00
3.200100000000000167e-01 0.000000000000000000e+00 0.000000000000000000e+00 0.000000000000000000e+00
3.300100000000000255e-01 0.000000000000000000e+00 0.000000000000000000e+00 0.000000000000000000e+00
3.400099999999999789e-01 0.000000000000000000e+00 0.000000000000000000e+00 0.000000000000000000e+00
3.500099999999999878e-01 0.000000000000000000e+00 0.000000000000000000e+00 0.000000000000000000e+00
3.600099999999999967e-01 0.000000000000000000e+00 0.000000000000000000e+00 0.000000000000000000e+00
3.700100000000000056e-01 0.000000000000000000e+00 0.000000000000000000e+00 0.000000000000000000e+00
3.800100000000000144e-01 0.000000000000000000e+00 0.000000000000000000e+00 0.000000000000000000e+00
3.900100000000000233e-01 0.000000000000000000e+00 0.000000000000000000e+00 0.000000000000000000e+00
4.000099999999999767e-01 0.000000000000000000e+00 0.000000000000000000e+00 0.000000000000000000e+00
4.100099999999999856e-01 0.000000000000000000e+00 0.000000000000000000e+00 0.000000000000000000e+00
4.200099999999999945e-01 0.000000000000000000e+00 0.000000000000000000e+00 0.000000000000000000e+00
4.300100000000000033e-01 0.000000000000000000e+00 0.000000000000000000e+00 0.000000000000000000e+00
4.400100000000000122e-01 0.000000000000000000e+00 0.000000000000000000e+00 0.000000000000000000e+00
4.500100000000000211e-01 0.000000000000000000e+00 0.000000000000000000e+00 0.000000000000000000e+00
4.600099999999999745e-01 0.000000000000000000e+00 0.000000000000000000e+00 0.000000000000000000e+00
4.700099999999999834e-01 0.000000000000000000e+00 0.000000000000000000e+00 0.000000000000000000e+00
4.800099999999999922e-01 0.000000000000000000e+00 0.000000000000000000e+00 0.000000000000000000e+00
4.900100000000000011e-01 0.000000000000000000e+00 0.000000000000000000e+00 0.000000000000000000e+00
5.000099999999999545e-01 0.000000000000000000e+00 0.000000000000000000e+00 0.000000000000000000e+00
5.100099999999999634e-01 0.000000000000000000e+00 0.000000000000000000e+00 0.000000000000000000e+00
5.200099999999999723e-01 0.000000000000000000e+00 0.000000000000000000e+00 0.000000000000000000e+00
5.300099999999999811e-01 0.000000000000000000e+00 0.000000000000000000e+00 0.000000000000000000e+00
5.400099999999999900e-01 0.000000000000000000e+00 0.000000000000000000e+00 0.000000000000000000e+00
5.500099999999999989e-01 0.000000000000000000e+00 0.000000000000000000e+00 0.000000000000000000e+00
5.600100000000000078e-01 0.000000000000000000e+00 0.000000000000000000e+00 0.000000000000000000e+00
5.700100000000000167e-01 0.000000000000000000e+00 0.000000000000000000e+00 0.000000000000000000e+00
5.800100000000000255e-01 0.000000000000000000e+00 0.000000000000000000e+00 0.000000000000000000e+00
5.900100000000000344e-01 0.000000000000000000e+00 0.000000000000000000e+00 0.000000000000000000e+00
6.000100000000000433e-01 0.000000000000000000e+00 0.000000000000000000e+00 0.000000000000000000e+00
6.100100000000000522e-01 0.000000000000000000e+00 0.000000000000000000e+00 0.000000000000000000e+00
6.200099999999999500e-01 0.000000000000000000e+00 0.000000000000000000e+00 0.000000000000000000e+00
6.300099999999999589e-01 0.000000000000000000e+00 0.000000000000000000e+00 0.000000000000000000e+00
6.400099999999999678e-01 0.000000000000000000e+00 0.000000000000000000e+00 0.000000000000000000e+00
6.500099999999999767e-01 0.000000000000000000e+00 0.000000000000000000e+00 0.000000000000000000e+00
6.600099999999999856e-01 0.000000000000000000e+00 0.000000000000000000e+00 0.000000000000000000e+00
6.700099999999999945e-01 0.000000000000000000e+00 0.000000000000000000e+00 0.000000000000000000e+00
6.800100000000000033e-01 0.000000000000000000e+00 0.000000000000000000e+00 0.000000000000000000e+00
6.900100000000000122e-01 0.000000000000000000e+00 0.000000000000000000e+00 0.000000000000000000e+00
7.000100000000000211e-01 0.000000000000000000e+00 0.000000000000000000e+00 0.000000000000000000e+00
7.100100000000000300e-01 0.000000000000000000e+00 0.000000000000000000e+00 0.000000000000000000e+00
7.200100000000000389e-01 0.000000000000000000e+00 0.000000000000000000e+00 0.000000000000000000e+00
7.300100000000000477e-01 0.000000000000000000e+00 0.000000000000000000e+00 0.000000000000000000e+00
7.400099999999999456e-01 0.000000000000000000e+00 0.000000000000000000e+00 0.000000000000000000e+00
7.500099999999999545e-01 0.000000000000000000e+00 0.000000000000000000e+00 0.000000000000000000e+00
7.600099999999999634e-01 0.000000000000000000e+00 0.000000000000000000e+00 0.000000000000000000e+00
7.700099999999999723e-01 0.000000000000000000e+00 0.000000000000000000e+00 0.000000000000000000e+00
7.800099999999999811e-01 0.000000000000000000e+00 0.000000000000000000e+00 0.000000000000000000e+00
7.900099999999999900e-01 0.000000000000000000e+00 0.000000000000000000e+00 0.000000000000000000e+00
8.000099999999999989e-01 0.000000000000000000e+00 0.000000000000000000e+00 0.000000000000000000e+00
8.100100000000000078e-01 0.000000000000000000e+00 0.000000000000000000e+00 0.000000000000000000e+00
8.200100000000000167e-01 0.000000000000000000e+00 0.000000000000000000e+00 0.000000000000000000e+00
8.300100000000000255e-01 0.000000000000000000e+00 0.000000000000000000e+00 0.000000000000000000e+00
8.400100000000000344e-01 0.000000000000000000e+00 0.000000000000000000e+00 0.000000000000000000e+00
8.500100000000000433e-01 0.000000000000000000e+00 0.000000000000000000e+00 0.000000000000000000e+00
8.600100000000000522e-01 0.000000000000000000e+00 0.000000000000000000e+00 0.000000000000000000e+00
8.700099999999999500e-01 0.000000000000000000e+00 0.000000000000000000e+00 0.000000000000000000e+00
8.800099999999999589e-01 0.000000000000000000e+00 0.000000000000000000e+00 0.000000000000000000e+00
8.900099999999999678e-01 0.000000000000000000e+00 0.000000000000000000e+00 0.000000000000000000e+00
9.000099999999999767e-01 0.000000000000000000e+00 0.000000000000000000e+00 0.000000000000000000e+00
9.100099999999999856e-01 0.000000000000000000e+00 0.000000000000000000e+00 0.000000000000000000e+00
9.200099999999999945e-01 0.000000000000000000e+00 0.000000000000000000e+00 0.000000000000000000e+00
9.300100000000000033e-01 0.000000000000000000e+00 0.000000000000000000e+00 0.000000000000000000e+00
9.400100000000000122e-01 0.000000000000000000e+00 0.000000000000000000e+00 0.000000000000000000e+00
9.500100000000000211e-01 0.000000000000000000e+00 0.000000000000000000e+00 0.000000000000000000e+00
9.600100000000000300e-01 0.000000000000000000e+00 0.000000000000000000e+00 0.000000000000000000e+00
9.700100000000000389e-01 0.000000000000000000e+00 0.000000000000000000e+00 0.000000000000000000e+00
9.800100000000000477e-01 0.000000000000000000e+00 0.000000000000000000e+00 0.000000000000000000e+00
9.900099999999999456e-01 0.000000000000000000e+00 0.000000000000000000e+00 0.000000000000000000e+00
1.000010000000000066e+00 0.000000000000000000e+00 0.000000000000000000e+00 0.000000000000000000e+00
1.010010000000000074e+00 0.000000000000000000e+00 0.000000000000000000e+00 0.000000000000000000e+00
1.020010000000000083e+00 0.000000000000000000e+00 0.000000000000000000e+00 0.000000000000000000e+00
1.030010000000000092e+00 0.000000000000000000e+00 0.000000000000000000e+00 0.000000000000000000e+00
1.040010000000000101e+00 0.000000000000000000e+00 0.000000000000000000e+00 0.000000000000000000e+00
1.050010000000000110e+00 0.000000000000000000e+00 0.000000000000000000e+00 0.000000000000000000e+00
1.060009999999999897e+00 0.000000000000000000e+00 0.000000000000000000e+00 0.000000000000000000e+00
1.070009999999999906e+00 0.000000000000000000e+00 0.000000000000000000e+00 0.000000000000000000e+00
1.080009999999999915e+00 0.000000000000000000e+00 0.000000000000000000e+00 0.000000000000000000e+00
1.090009999999999923e+00 0.000000000000000000e+00 0.000000000000000000e+00 0.000000000000000000e+00
1.100009999999999932e+00 0.000000000000000000e+00 0.000000000000000000e+00 0.000000000000000000e+00
1.110009999999999941e+00 0.000000000000000000e+00 0.000000000000000000e+00 0.000000000000000000e+00
1.120009999999999950e+00 0.000000000000000000e+00 0.000000000000000000e+00 0.000000000000000000e+00
1.130009999999999959e+00 0.000000000000000000e+00 0.000000000000000000e+00 0.000000000000000000e+00
1.140009999999999968e+00 0.000000000000000000e+00 0.000000000000000000e+00 0.000000000000000000e+00
1.150009999999999977e+00 0.000000000000000000e+00 0.000000000000000000e+00 0.000000000000000000e+00
1.160009999999999986e+00 0.000000000000000000e+00 0.000000000000000000e+00 0.000000000000000000e+00
1.170009999999999994e+00 0.000000000000000000e+00 0.000000000000000000e+00 0.000000000000000000e+00
1.180010000000000003e+00 0.000000000000000000e+00 0.000000000000000000e+00 0.000000000000000000e+00
1.190010000000000012e+00 0.000000000000000000e+00 0.000000000000000000e+00 0.000000000000000000e+00
1.200010000000000021e+00 0.000000000000000000e+00 0.000000000000000000e+00 0.000000000000000000e+00
1.210010000000000030e+00 0.000000000000000000e+00 0.000000000000000000e+00 0.000000000000000000e+00
1.220010000000000039e+00 0.000000000000000000e+00 0.000000000000000000e+00 0.000000000000000000e+00
1.230010000000000048e+00 0.000000000000000000e+00 0.000000000000000000e+00 0.000000000000000000e+00
1.240010000000000057e+00 0.000000000000000000e+00 0.000000000000000000e+00 0.000000000000000000e+00
1.250010000000000066e+00 0.000000000000000000e+00 0.000000000000000000e+00 0.000000000000000000e+00
1.260010000000000074e+00 0.000000000000000000e+00 0.000000000000000000e+00 0.000000000000000000e+00
1.270010000000000083e+00 0.000000000000000000e+00 0.000000000000000000e+00 0.000000000000000000e+00
1.280010000000000092e+00 0.000000000000000000e+00 0.000000000000000000e+00 0.000000000000000000e+00
1.290010000000000101e+00 0.000000000000000000e+00 0.000000000000000000e+00 0.000000000000000000e+00
1.300010000000000110e+00 0.000000000000000000e+00 0.000000000000000000e+00 0.000000000000000000e+00
1.310009999999999897e+00 0.000000000000000000e+00 0.000000000000000000e+00 0.000000000000000000e+00
1.320009999999999906e+00 0.000000000000000000e+00 0.000000000000000000e+00 0.000000000000000000e+00
1.330009999999999915e+00 0.000000000000000000e+00 0.000000000000000000e+00 0.000000000000000000e+00
1.340009999999999923e+00 0.000000000000000000e+00 0.000000000000000000e+00 0.000000000000000000e+00
1.350009999999999932e+00 0.000000000000000000e+00 0.000000000000000000e+00 0.000000000000000000e+00
1.360009999999999941e+00 0.000000000000000000e+00 0.000000000000000000e+00 0.000000000000000000e+00
1.370009999999999950e+00 0.000000000000000000e+00 0.000000000000000000e+00 0.000000000000000000e+00
1.380009999999999959e+00 0.000000000000000000e+00 0.000000000000000000e+00 0.000000000000000000e+00
1.390009999999999968e+00 0.000000000000000000e+00 0.000000000000000000e+00 0.000000000000000000e+00
1.400009999999999977e+00 0.000000000000000000e+00 0.000000000000000000e+00 0.000000000000000000e+00
1.410009999999999986e+00 0.000000000000000000e+00 0.000000000000000000e+00 0.000000000000000000e+00
1.420009999999999994e+00 0.000000000000000000e+00 0.000000000000000000e+00 0.000000000000000000e+00
1.430010000000000003e+00 0.000000000000000000e+00 0.000000000000000000e+00 0.000000000000000000e+00
1.440010000000000012e+00 0.000000000000000000e+00 0.000000000000000000e+00 0.000000000000000000e+00
1.450010000000000021e+00 0.000000000000000000e+00 0.000000000000000000e+00 0.000000000000000000e+00
1.460010000000000030e+00 0.000000000000000000e+00 0.000000000000000000e+00 0.000000000000000000e+00
1.470010000000000039e+00 0.000000000000000000e+00 0.000000000000000000e+00 0.000000000000000000e+00
1.480010000000000048e+00 0.000000000000000000e+00 0.000000000000000000e+00 0.000000000000000000e+00
1.490010000000000057e+00 0.000000000000000000e+00 0.000000000000000000e+00 0.000000000000000000e+00
1.500010000000000066e+00 0.000000000000000000e+00 0.000000000000000000e+00 0.000000000000000000e+00
1.510010000000000074e+00 0.000000000000000000e+00 0.000000000000000000e+00 0.000000000000000000e+00
1.520010000000000083e+00 0.000000000000000000e+00 0.000000000000000000e+00 0.000000000000000000e+00
1.530010000000000092e+00 0.000000000000000000e+00 0.000000000000000000e+00 0.000000000000000000e+00
1.540010000000000101e+00 0.000000000000000000e+00 0.000000000000000000e+00 0.000000000000000000e+00
1.550010000000000110e+00 0.000000000000000000e+00 0.000000000000000000e+00 0.000000000000000000e+00
1.560009999999999897e+00 0.000000000000000000e+00 0.000000000000000000e+00 0.000000000000000000e+00
1.570009999999999906e+00 0.000000000000000000e+00 0.000000000000000000e+00 0.000000000000000000e+00
1.580009999999999915e+00 0.000000000000000000e+00 0.000000000000000000e+00 0.000000000000000000e+00
1.590009999999999923e+00 0.000000000000000000e+00 0.000000000000000000e+00 0.000000000000000000e+00
1.600009999999999932e+00 0.000000000000000000e+00 0.000000000000000000e+00 0.000000000000000000e+00
1.610009999999999941e+00 0.000000000000000000e+00 0.000000000000000000e+00 0.000000000000000000e+00
1.620009999999999950e+00 0.000000000000000000e+00 0.000000000000000000e+00 0.000000000000000000e+00
1.630009999999999959e+00 0.000000000000000000e+00 0.000000000000000000e+00 0.000000000000000000e+00
1.640009999999999968e+00 0.000000000000000000e+00 0.000000000000000000e+00 0.000000000000000000e+00
1.650009999999999977e+00 0.000000000000000000e+00 0.000000000000000000e+00 0.000000000000000000e+00
1.660009999999999986e+00 0.000000000000000000e+00 0.000000000000000000e+00 0.000000000000000000e+00
1.670009999999999994e+00 0.000000000000000000e+00 0.000000000000000000e+00 0.000000000000000000e+00
1.680010000000000003e+00 0.000000000000000000e+00 0.000000000000000000e+00 0.000000000000000000e+00
1.690010000000000012e+00 0.000000000000000000e+00 0.000000000000000000e+00 0.000000000000000000e+00
1.700010000000000021e+00 0.000000000000000000e+00 0.000000000000000000e+00 0.000000000000000000e+00
1.710010000000000030e+00 0.000000000000000000e+00 0.000000000000000000e+00 0.000000000000000000e+00
1.720010000000000039e+00 0.000000000000000000e+00 0.000000000000000000e+00 0.000000000000000000e+00
1.730010000000000048e+00 0.000000000000000000e+00 0.000000000000000000e+00 0.000000000000000000e+00
1.740010000000000057e+00 0.000000000000000000e+00 0.000000000000000000e+00 0.000000000000000000e+00
1.750010000000000066e+00 0.000000000000000000e+00 0.000000000000000000e+00 0.000000000000000000e+00
1.760010000000000074e+00 0.000000000000000000e+00 0.000000000000000000e+00 0.000000000000000000e+00
1.770010000000000083e+00 0.000000000000000000e+00 0.000000000000000000e+00 0.000000000000000000e+00
1.780010000000000092e+00 0.000000000000000000e+00 0.000000000000000000e+00 0.000000000000000000e+00
1.790010000000000101e+00 0.000000000000000000e+00 0.000000000000000000e+00 0.000000000000000000e+00
1.800010000000000110e+00 0.000000000000000000e+00 0.000000000000000000e+00 0.000000000000000000e+00
1.810009999999999897e+00 0.000000000000000000e+00 0.000000000000000000e+00 0.000000000000000000e+00
1.820009999999999906e+00 0.000000000000000000e+00 0.000000000000000000e+00 0.000000000000000000e+00
1.830009999999999915e+00 0.000000000000000000e+00 0.000000000000000000e+00 0.000000000000000000e+00
1.840009999999999923e+00 0.000000000000000000e+00 0.000000000000000000e+00 0.000000000000000000e+00
1.850009999999999932e+00 0.000000000000000000e+00 0.000000000000000000e+00 0.000000000000000000e+00
1.860009999999999941e+00 0.000000000000000000e+00 0.000000000000000000e+00 0.000000000000000000e+00
1.870009999999999950e+00 0.000000000000000000e+00 0.000000000000000000e+00 0.000000000000000000e+00
1.880009999999999959e+00 0.000000000000000000e+00 0.000000000000000000e+00 0.000000000000000000e+00
1.890009999999999968e+00 0.000000000000000000e+00 0.000000000000000000e+00 0.000000000000000000e+00
1.900009999999999977e+00 0.000000000000000000e+00 0.000000000000000000e+00 0.000000000000000000e+00
1.910009999999999986e+00 0.000000000000000000e+00 0.000000000000000000e+00 0.000000000000000000e+00
1.920009999999999994e+00 0.000000000000000000e+00 0.000000000000000000e+00 0.000000000000000000e+00
1.930010000000000003e+00 0.000000000000000000e+00 0.000000000000000000e+00 0.000000000000000000e+00
1.940010000000000012e+00 0.000000000000000000e+00 0.000000000000000000e+00 0.000000000000000000e+00
1.950010000000000021e+00 0.000000000000000000e+00 0.000000000000000000e+00 0.000000000000000000e+00
1.960010000000000030e+00 0.000000000000000000e+00 0.000000000000000000e+00 0.000000000000000000e+00
1.970010000000000039e+00 0.000000000000000000e+00 0.000000000000000000e+00 0.000000000000000000e+00
1.980010000000000048e+00 0.000000000000000000e+00 0.000000000000000000e+00 0.000000000000000000e+00
1.990010000000000057e+00 0.000000000000000000e+00 0.000000000000000000e+00 0.000000000000000000e+00
2.000010000000000066e+00 -2.067915552243218824e-01 2.067915552243218824e-01 0.000000000000000000e+00
2.010009999999999852e+00 -2.055545203711620916e-01 2.055545203711620916e-01 0.000000000000000000e+00
2.020010000000000083e+00 -2.043248852410873839e-01 2.043248852410873839e-01 0.000000000000000000e+00
2.030009999999999870e+00 -2.031026061565313623e-01 2.031026061565313623e-01 0.000000000000000000e+00
2.040010000000000101e+00 -2.018876392066365766e-01 2.018876392066365766e-01 0.000000000000000000e+00
2.050009999999999888e+00 -2.006799402651965603e-01 2.006799402651965603e-01 0.000000000000000000e+00
2.060010000000000119e+00 -1.994794657022180562e-01 1.994794657022180562e-01 0.000000000000000000e+00
2.070009999999999906e+00 -1.982861725153860222e-01 1.982861725153860222e-01 0.000000000000000000e+00
2.080010000000000137e+00 -1.971000176107339519e-01 1.971000176107339519e-01 0.000000000000000000e+00
2.090009999999999923e+00 -1.959209582700176533e-01 1.959209582700176533e-01 0.000000000000000000e+00
2.100010000000000154e+00 -1.947489521005360824e-01 1.947489521005360824e-01 0.000000000000000000e+00
2.110009999999999941e+00 -1.935839569145901273e-01 1.935839569145901273e-01 0.000000000000000000e+00
2.120010000000000172e+00 -1.924259307744947411e-01 1.924259307744947411e-01 0.000000000000000000e+00
2.130009999999999959e+00 -1.912748320479188968e-01 1.912748320479188968e-01 0.000000000000000000e+00
2.140010000000000190e+00 -1.901306192609695522e-01 1.901306192609695522e-01 0.000000000000000000e+00
2.150009999999999977e+00 -1.889932512208278848e-01 1.889932512208278848e-01 0.000000000000000000e+00
2.160010000000000208e+00 -1.878626869851765524e-01 1.878626869851765524e-01 0.000000000000000000e+00
2.170009999999999994e+00 -1.867388857496338761e-01 1.867388857496338761e-01 0.000000000000000000e+00
2.180009999999999781e+00 -1.856218072063606783e-01 1.856218072063606783e-01 0.000000000000000000e+00
2.190010000000000012e+00 -1.845114110892079884e-01 1.845114110892079884e-01 0.000000000000000000e+00
2.200009999999999799e+00 -1.834076573289483980e-01 1.834076573289483980e-01 0.000000000000000000e+00
2.210010000000000030e+00 -1.823105063716629337e-01 1.823105063716629337e-01 0.000000000000000000e+00
2.220009999999999817e+00 -1.812199185648214195e-01 1.812199185648214195e-01 0.000000000000000000e+00
2.230010000000000048e+00 -1.801358546630125734e-01 1.801358546630125734e-01 0.000000000000000000e+00
2.240009999999999835e+00 -1.790582757425108751e-01 1.790582757425108751e-01 0.000000000000000000e+00
2.250010000000000066e+00 -1.779871428645176668e-01 1.779871428645176668e-01 0.000000000000000000e+00
2.260009999999999852e+00 -1.769224175788708942e-01 1.769224175788708942e-01 0.000000000000000000e+00
2.270010000000000083e+00 -1.758640615359483850e-01 1.758640615359483850e-01 0.000000000000000000e+00
2.280009999999999870e+00 -1.748120365265788123e-01 1.748120365265788123e-01 0.000000000000000000e+00
2.290010000000000101e+00 -1.737663048114956588e-01 1.737663048114956588e-01 0.000000000000000000e+00
2.300009999999999888e+00 -1.727268286776192929e-01 1.727268286776192929e-01 0.000000000000000000e+00
2.310010000000000119e+00 -1.716935706930896588e-01 1.716935706930896588e-01 0.000000000000000000e+00
2.320009999999999906e+00 -1.706664936508524022e-01 1.706664936508524022e-01 0.000000000000000000e+00
2.330010000000000137e+00 -1.696455605640741771e-01 1.696455605640741771e-01 0.000000000000000000e+00
2.340009999999999923e+00 -1.686307347209414498e-01 1.686307347209414498e-01 0.000000000000000000e+00
2.350010000000000154e+00 -1.676219795982068494e-01 1.676219795982068494e-01 0.000000000000000000e+00
2.360009999999999941e+00 -1.666192588722859580e-01 1.666192588722859580e-01 0.000000000000000000e+00
2.370010000000000172e+00 -1.656225364530753141e-01 1.656225364530753141e-01 0.000000000000000000e+00
2.380009999999999959e+00 -1.646317764717850352e-01 1.646317764717850352e-01 0.000000000000000000e+00
2.390010000000000190e+00 -1.636469432559464476e-01 1.636469432559464476e-01 0.000000000000000000e+00
2.400009999999999977e+00 -1.626680013174784389e-01 1.626680013174784389e-01 0.000000000000000000e+00
2.410010000000000208e+00 -1.616949154497522856e-01 1.616949154497522856e-01 0.000000000000000000e+00
2.420009999999999994e+00 -1.607276506262177440e-01 1.607276506262177440e-01 0.000000000000000000e+00
2.430009999999999781e+00 -1.597661720339979829e-01 1.597661720339979829e-01 0.000000000000000000e+00
2.440010000000000012e+00 -1.588104450503745602e-01 1.588104450503745602e-01 0.000000000000000000e+00
2.450009999999999799e+00 -1.578604352548605150e-01 1.578604352548605150e-01 0.000000000000000000e+00
2.460010000000000030e+00 -1.569161084638966697e-01 1.569161084638966697e-01 0.000000000000000000e+00
2.470009999999999817e+00 -1.559774306848999148e-01 1.559774306848999148e-01 0.000000000000000000e+00
2.480010000000000048e+00 -1.550443681278201868e-01 1.550443681278201868e-01 0.000000000000000000e+00
2.490009999999999835e+00 -1.541168871871574364e-01 1.541168871871574364e-01 0.000000000000000000e+00
2.500010000000000066e+00 -1.531949544676965147e-01 1.531949544676965147e-01 0.000000000000000000e+00
2.510009999999999852e+00 -1.522785367860336192e-01 1.522785367860336192e-01 0.000000000000000000e+00
2.520010000000000083e+00 -1.513676011492658402e-01 1.513676011492658402e-01 0.000000000000000000e+00
2.530009999999999870e+00 -1.504621147598952380e-01 1.504621147598952380e-01 0.000000000000000000e+00
2.540010000000000101e+00 -1.495620450197663875e-01 1.495620450197663875e-01 0.000000000000000000e+00
2.550009999999999888e+00 -1.486673595240902979e-01 1.486673595240902979e-01 0.000000000000000000e+00
2.560010000000000119e+00 -1.477780260605468521e-01 1.477780260605468521e-01 0.000000000000000000e+00
2.570009999999999906e+00 -1.468940126138740809e-01 1.468940126138740809e-01 0.000000000000000000e+00
2.580010000000000137e+00 -1.460152873580569943e-01 1.460152873580569943e-01 0.000000000000000000e+00
2.590009999999999923e+00 -1.451418186586946046e-01 1.451418186586946046e-01 0.000000000000000000e+00
2.600010000000000154e+00 -1.442735750724228050e-01 1.442735750724228050e-01 0.000000000000000000e+00
2.610009999999999941e+00 -1.434105253419305226e-01 1.434105253419305226e-01 0.000000000000000000e+00
2.620010000000000172e+00 -1.425526383986495393e-01 1.425526383986495393e-01 0.000000000000000000e+00
2.630009999999999959e+00 -1.416998833605005448e-01 1.416998833605005448e-01 0.000000000000000000e+00
2.640010000000000190e+00 -1.408522295320155382e-01 1.408522295320155382e-01 0.000000000000000000e+00
2.650009999999999977e+00 -1.400096463999266905e-01 1.400096463999266905e-01 0.000000000000000000e+00
2.660010000000000208e+00 -1.391721036366614928e-01 1.391721036366614928e-01 0.000000000000000000e+00
2.670009999999999994e+00 -1.383395710962772029e-01 1.383395710962772029e-01 0.000000000000000000e+00
2.680009999999999781e+00 -1.375120187940365446e-01 1.375120187940365446e-01 0.000000000000000000e+00
2.690010000000000012e+00 -1.366894169028711470e-01 1.366894169028711470e-01 0.000000000000000000e+00
2.700009999999999799e+00 -1.358717358473225945e-01 1.358717358473225945e-01 0.000000000000000000e+00
2.710010000000000030e+00 -1.350589461929736779e-01 1.350589461929736779e-01 0.000000000000000000e+00
2.720009999999999817e+00 -1.342510186849903697e-01 1.342510186849903697e-01 0.000000000000000000e+00
2.730010000000000048e+00 -1.334479242410367139e-01 1.334479242410367139e-01 0.000000000000000000e+00
2.740009999999999835e+00 -1.326496339579857353e-01 1.326496339579857353e-01 0.000000000000000000e+00
2.750010000000000066e+00 -1.318561190753006207e-01 1.318561190753006207e-01 0.000000000000000000e+00
2.760009999999999852e+00 -1.310673509947564708e-01 1.310673509947564708e-01 0.000000000000000000e+00
2.770010000000000083e+00 -1.302833013553281183e-01 1.302833013553281183e-01 0.000000000000000000e+00
2.780009999999999870e+00 -1.295039419335516917e-01 1.295039419335516917e-01 0.000000000000000000e+00
2.790010000000000101e+00 -1.287292446746620966e-01 1.287292446746620966e-01 0.000000000000000000e+00
2.800009999999999888e+00 -1.279591816934072257e-01 1.279591816934072257e-01 0.000000000000000000e+00
2.810010000000000119e+00 -1.271937252714861744e-01 1.271937252714861744e-01 0.000000000000000000e+00
2.820009999999999906e+00 -1.264328478346663787e-01 1.264328478346663787e-01 0.000000000000000000e+00
2.830010000000000137e+00 -1.256765219712037973e-01 1.256765219712037973e-01 0.000000000000000000e+00
2.840009999999999923e+00 -1.249247204769523695e-01 1.249247204769523695e-01 0.000000000000000000e+00
2.850010000000000154e+00 -1.241774162893354294e-01 1.241774162893354294e-01 0.000000000000000000e+00
2.860009999999999941e+00 -1.234345825048180495e-01 1.234345825048180495e-01 0.000000000000000000e+00
2.870010000000000172e+00 -1.226961923855603015e-01 1.226961923855603015e-01 0.000000000000000000e+00
2.880009999999999959e+00 -1.219622193534452836e-01 1.219622193534452836e-01 0.000000000000000000e+00
2.890010000000000190e+00 -1.212326369669179116e-01 1.212326369669179116e-01 0.000000000000000000e+00
2.900009999999999977e+00 -1.205074189533408557e-01 1.205074189533408557e-01 0.000000000000000000e+00
2.910010000000000208e+00 -1.197865392189362554e-01 1.197865392189362554e-01 0.000000000000000000e+00
2.920009999999999994e+00 -1.190699718148638397e-01 1.190699718148638397e-01 0.000000000000000000e+00
2.930009999999999781e+00 -1.183576909451275194e-01 1.183576909451275194e-01 0.000000000000000000e+00
2.940010000000000012e+00 -1.176496709709555916e-01 1.176496709709555916e-01 0.000000000000000000e+00
2.950009999999999799e+00 -1.169458864065265336e-01 1.169458864065265336e-01 0.000000000000000000e+00
2.960010000000000030e+00 -1.162463118967679149e-01 1.162463118967679149e-01 0.000000000000000000e+00
2.970009999999999817e+00 -1.155509222552871668e-01 1.155509222552871668e-01 0.000000000000000000e+00
2.980010000000000048e+00 -1.148596924585679191e-01 1.148596924585679191e-01 0.000000000000000000e+00
2.990009999999999835e+00 -1.141725976242397161e-01 1.141725976242397161e-01 0.000000000000000000e+00
3.000010000000000066e+00 -1.134896130204596232e-01 1.134896130204596232e-01 0.000000000000000000e+00
3.010009999999999852e+00 -1.128107140614470344e-01 1.128107140614470344e-01 0.000000000000000000e+00
3.020010000000000083e+00 -1.121358763099763178e-01 1.121358763099763178e-01 0.000000000000000000e+00
3.030009999999999870e+00 -1.114650754508481334e-01 1.114650754508481334e-01 0.000000000000000000e+00
3.040010000000000101e+00 -1.107982873355360109e-01 1.107982873355360109e-01 0.000000000000000000e+00
3.050009999999999888e+00 -1.101354879711091972e-01 1.101354879711091972e-01 0.000000000000000000e+00
3.060010000000000119e+00 -1.094766534975036287e-01 1.094766534975036287e-01 0.000000000000000000e+00
3.070009999999999906e+00 -1.088217602003009044e-01 1.088217602003009044e-01 0.000000000000000000e+00
3.080010000000000137e+00 -1.081707845053240108e-01 1.081707845053240108e-01 0.000000000000000000e+00
3.090009999999999923e+00 -1.075237029807984829e-01 1.075237029807984829e-01 0.000000000000000000e+00
3.100010000000000154e+00 -1.068804923135860396e-01 1.068804923135860396e-01 0.000000000000000000e+00
3.110009999999999941e+00 -1.062411293511388993e-01 1.062411293511388993e-01 0.000000000000000000e+00
3.120010000000000172e+00 -1.056055910829616501e-01 1.056055910829616501e-01 0.000000000000000000e+00
3.130009999999999959e+00 -1.049738546296382358e-01 1.049738546296382358e-01 0.000000000000000000e+00
3.140010000000000190e+00 -1.043458972488028741e-01 1.043458972488028741e-01 0.000000000000000000e+00
3.150009999999999977e+00 -1.037216963342254133e-01 1.037216963342254133e-01 0.000000000000000000e+00
3.160010000000000208e+00 -1.031012294153338532e-01 1.031012294153338532e-01 0.000000000000000000e+00
3.170009999999999994e+00 -1.024844741512949270e-01 1.024844741512949270e-01 0.000000000000000000e+00
3.180009999999999781e+00 -1.018714083401792703e-01 1.018714083401792703e-01 0.000000000000000000e+00
3.190010000000000012e+00 -1.012620099114439759e-01 1.012620099114439759e-01 0.000000000000000000e+00
3.200009999999999799e+00 -1.006562569259182860e-01 1.006562569259182860e-01 0.000000000000000000e+00
3.210010000000000030e+00 -1.000541275766285848e-01 1.000541275766285848e-01 0.000000000000000000e+00
3.220009999999999817e+00 -9.945560018565019478e-02 9.945560018565019478e-02 0.000000000000000000e+00
3.230010000000000048e+00 -9.886065320480244556e-02 9.886065320480244556e-02 0.000000000000000000e+00
3.240009999999999835e+00 -9.826926522291112853e-02 9.826926522291112853e-02 0.000000000000000000e+00
3.250010000000000066e+00 -9.768141494693323434e-02 9.768141494693323434e-02 0.000000000000000000e+00
3.260009999999999852e+00 -9.709708121448634710e-02 9.709708121448634710e-02 0.000000000000000000e+00
3.270010000000000083e+00 -9.651624298891672837e-02 9.651624298891672837e-02 0.000000000000000000e+00
3.280009999999999870e+00 -9.593887935998721139e-02 9.593887935998721139e-02 0.000000000000000000e+00
3.290010000000000101e+00 -9.536496954343876009e-02 9.536496954343876009e-02 0.000000000000000000e+00
3.300009999999999888e+00 -9.479449287931121515e-02 9.479449287931121515e-02 0.000000000000000000e+00
3.310010000000000119e+00 -9.422742882273514586e-02 9.422742882273514586e-02 0.000000000000000000e+00
3.320009999999999906e+00 -9.366375696334808265e-02 9.366375696334808265e-02 0.000000000000000000e+00
3.330010000000000137e+00 -9.310345700751067322e-02 9.310345700751067322e-02 0.000000000000000000e+00
3.340009999999999923e+00 -9.254650878477656273e-02 9.254650878477656273e-02 0.000000000000000000e+00
3.350010000000000154e+00 -9.199289224270812415e-02 9.199289224270812415e-02 0.000000000000000000e+00
3.360009999999999941e+00 -9.144258745151330470e-02 9.144258745151330470e-02 0.000000000000000000e+00
3.370010000000000172e+00 -9.089557459861340172e-02 9.089557459861340172e-02 0.000000000000000000e+00
3.380009999999999959e+00 -9.035183400292533251e-02 9.035183400292533251e-02 0.000000000000000000e+00
3.390010000000000190e+00 -8.981134608357907445e-02 8.981134608357907445e-02 0.000000000000000000e+00
3.400009999999999977e+00 -8.927409138410552503e-02 8.927409138410552503e-02 0.000000000000000000e+00
3.410010000000000208e+00 -8.874005056314449025e-02 8.874005056314449025e-02 0.000000000000000000e+00
3.420009999999999994e+00 -8.820920439726406825e-02 8.820920439726406825e-02 0.000000000000000000e+00
3.430009999999999781e+00 -8.768153377617296518e-02 8.768153377617296518e-02 0.000000000000000000e+00
3.440010000000000012e+00 -8.715701970447947700e-02 8.715701970447947700e-02 0.000000000000000000e+00
3.450009999999999799e+00 -8.663564328511386137e-02 8.663564328511386137e-02 0.000000000000000000e+00
3.460010000000000030e+00 -8.611738575645404292e-02 8.611738575645404292e-02 0.000000000000000000e+00
3.470009999999999817e+00 -8.560222846086941451e-02 8.560222846086941451e-02 0.000000000000000000e+00
3.480010000000000048e+00 -8.509015285178056498e-02 8.509015285151966257e-02 0.000000000000000000e+00
3.490009999999999835e+00 -8.458114049135058432e-02 8.458114049109045907e-02 0.000000000000000000e+00
3.500010000000000066e+00 -8.407517305560122112e-02 8.407517305560122112e-02 0.000000000000000000e+00
3.510009999999999852e+00 -8.357223232818149217e-02 8.357223232818149217e-02 0.000000000000000000e+00
3.520010000000000083e+00 -8.307230021860136093e-02 8.307230021860136093e-02 0.000000000000000000e+00
3.530009999999999870e+00 -8.257535871908736058e-02 8.257535871908736058e-02 0.000000000000000000e+00
3.540010000000000101e+00 -8.208138994074450079e-02 8.208138994074450079e-02 0.000000000000000000e+00
3.550009999999999888e+00 -8.159037610205477353e-02 8.159037610205477353e-02 0.000000000000000000e+00
3.560010000000000119e+00 -8.110229952623353167e-02 8.110229952623353167e-02 0.000000000000000000e+00
3.570009999999999906e+00 -8.061714264446639966e-02 8.061714264446639966e-02 0.000000000000000000e+00
3.580010000000000137e+00 -8.013488798945909986e-02 8.013488798945909986e-02 0.000000000000000000e+00
3.590009999999999923e+00 -7.965551819427021951e-02 7.965551819427021951e-02 0.000000000000000000e+00
3.600010000000000154e+00 -7.917901600688768970e-02 7.917901600688768970e-02 0.000000000000000000e+00
3.610009999999999941e+00 -7.870536427254332112e-02 7.870536427254332112e-02 0.000000000000000000e+00
3.620010000000000172e+00 -7.823454593935190438e-02 7.823454593960209313e-02 0.000000000000000000e+00
3.630009999999999959e+00 -7.776654405897877320e-02 7.776654405897877320e-02 0.000000000000000000e+00
3.640010000000000190e+00 -7.730134178330871908e-02 7.730134178330871908e-02 0.000000000000000000e+00
3.650009999999999977e+00 -7.683892236414265053e-02 7.683892236439059109e-02 0.000000000000000000e+00
3.660010000000000208e+00 -7.637926915746523493e-02 7.637926915746523493e-02 0.000000000000000000e+00
3.670009999999999994e+00 -7.592236561432035014e-02 7.592236561432035014e-02 0.000000000000000000e+00
3.680009999999999781e+00 -7.546819528719987680e-02 7.546819528719987680e-02 0.000000000000000000e+00
3.690010000000000012e+00 -7.501674182467443774e-02 7.501674182491940845e-02 0.000000000000000000e+00
3.700009999999999799e+00 -7.456798897612712529e-02 7.456798897612712529e-02 0.000000000000000000e+00
3.710010000000000030e+00 -7.412192058580263643e-02 7.412192058580263643e-02 0.000000000000000000e+00
3.720009999999999817e+00 -7.367852059423912747e-02 7.367852059423912747e-02 0.000000000000000000e+00
3.730010000000000048e+00 -7.323777303615795764e-02 7.323777303615795764e-02 0.000000000000000000e+00
3.740009999999999835e+00 -7.279966204695140219e-02 7.279966204695140219e-02 0.000000000000000000e+00
3.750010000000000066e+00 -7.236417185304676314e-02 7.236417185280612230e-02 0.000000000000000000e+00
3.760009999999999852e+00 -7.193128677634942625e-02 7.193128677610956256e-02 0.000000000000000000e+00
3.770010000000000083e+00 -7.150099123273999380e-02 7.150099123250082400e-02 0.000000000000000000e+00
3.780009999999999870e+00 -7.107326972975687440e-02 7.107326972951842625e-02 0.000000000000000000e+00
3.790010000000000101e+00 -7.064810687239665710e-02 7.064810687215890284e-02 0.000000000000000000e+00
3.800009999999999888e+00 -7.022548735908579198e-02 7.022548735884875937e-02 0.000000000000000000e+00
3.810010000000000119e+00 -6.980539597263631102e-02 6.980539597240000005e-02 0.000000000000000000e+00
3.820009999999999906e+00 -6.938781758938131206e-02 6.938781758938131206e-02 0.000000000000000000e+00
3.830010000000000137e+00 -6.897273717698262918e-02 6.897273717698262918e-02 0.000000000000000000e+00
3.840009999999999923e+00 -6.856013979273935244e-02 6.856013979273935244e-02 0.000000000000000000e+00
3.850010000000000154e+00 -6.815001058472210105e-02 6.815001058495558095e-02 0.000000000000000000e+00
3.860009999999999941e+00 -6.774233478333556435e-02 6.774233478356835036e-02 0.000000000000000000e+00
3.870010000000000172e+00 -6.733709770892494506e-02 6.733709770938915706e-02 0.000000000000000000e+00
3.880009999999999959e+00 -6.693428477565320500e-02 6.693428477611602923e-02 0.000000000000000000e+00
3.890010000000000190e+00 -6.653388148203621955e-02 6.653388148272836033e-02 0.000000000000000000e+00
3.900009999999999977e+00 -6.613587341210669379e-02 6.613587341279678067e-02 0.000000000000000000e+00
3.910010000000000208e+00 -6.574024623643651144e-02 6.574024623712448889e-02 0.000000000000000000e+00
3.920009999999999994e+00 -6.534698571107672160e-02 6.534698571153399471e-02 0.000000000000000000e+00
3.930009999999999781e+00 -6.495607768608462063e-02 6.495607768654053371e-02 0.000000000000000000e+00
3.940010000000000012e+00 -6.456750809173195105e-02 6.456750809218650411e-02 0.000000000000000000e+00
3.950009999999999799e+00 -6.418126293571682628e-02 6.418126293617001932e-02 0.000000000000000000e+00
3.960010000000000030e+00 -6.379732831420098504e-02 6.379732831420098504e-02 0.000000000000000000e+00
3.970009999999999817e+00 -6.341569040732740470e-02 6.341569040710216820e-02 0.000000000000000000e+00
3.980010000000000048e+00 -6.303633547638347323e-02 6.303633547593433251e-02 0.000000000000000000e+00
3.990009999999999835e+00 -6.265924986772578031e-02 6.265924986705409538e-02 0.000000000000000000e+00
4.000009999999999621e+00 -6.228441999665044332e-02 6.228441999575756033e-02 0.000000000000000000e+00
4.000009999999999621e+00 0.000000000000000000e+00 0.000000000000000000e+00 0.000000000000000000e+00
4.010010000000000296e+00 0.000000000000000000e+00 0.000000000000000000e+00 0.000000000000000000e+00
4.020010000000000083e+00 0.000000000000000000e+00 0.000000000000000000e+00 0.000000000000000000e+00
4.030009999999999870e+00 0.000000000000000000e+00 0.000000000000000000e+00 0.000000000000000000e+00
4.040009999999999657e+00 0.000000000000000000e+00 0.000000000000000000e+00 0.000000000000000000e+00
4.050010000000000332e+00 0.000000000000000000e+00 0.000000000000000000e+00 0.000000000000000000e+00
4.060010000000000119e+00 0.000000000000000000e+00 0.000000000000000000e+00 0.000000000000000000e+00
4.070009999999999906e+00 0.000000000000000000e+00 0.000000000000000000e+00 0.000000000000000000e+00
4.080009999999999692e+00 0.000000000000000000e+00 0.000000000000000000e+00 0.000000000000000000e+00
4.090010000000000367e+00 0.000000000000000000e+00 0.000000000000000000e+00 0.000000000000000000e+00
4.100010000000000154e+00 0.000000000000000000e+00 0.000000000000000000e+00 0.000000000000000000e+00
4.110009999999999941e+00 0.000000000000000000e+00 0.000000000000000000e+00 0.000000000000000000e+00
4.120009999999999728e+00 0.000000000000000000e+00 0.000000000000000000e+00 0.000000000000000000e+00
4.130010000000000403e+00 0.000000000000000000e+00 0.000000000000000000e+00 0.000000000000000000e+00
4.140010000000000190e+00 0.000000000000000000e+00 0.000000000000000000e+00 0.000000000000000000e+00
4.150009999999999977e+00 0.000000000000000000e+00 0.000000000000000000e+00 0.000000000000000000e+00
4.160009999999999764e+00 0.000000000000000000e+00 0.000000000000000000e+00 0.000000000000000000e+00
4.170010000000000439e+00 0.000000000000000000e+00 0.000000000000000000e+00 0.000000000000000000e+00
4.180010000000000225e+00 0.000000000000000000e+00 0.000000000000000000e+00 0.000000000000000000e+00
4.190010000000000012e+00 0.000000000000000000e+00 0.000000000000000000e+00 0.000000000000000000e+00
4.200009999999999799e+00 0.000000000000000000e+00 0.000000000000000000e+00 0.000000000000000000e+00
4.210009999999999586e+00 0.000000000000000000e+00 0.000000000000000000e+00 0.000000000000000000e+00
4.220010000000000261e+00 0.000000000000000000e+00 0.000000000000000000e+00 0.000000000000000000e+00
4.230010000000000048e+00 0.000000000000000000e+00 0.000000000000000000e+00 0.000000000000000000e+00
4.240009999999999835e+00 0.000000000000000000e+00 0.000000000000000000e+00 0.000000000000000000e+00
4.250009999999999621e+00 0.000000000000000000e+00 0.000000000000000000e+00 0.000000000000000000e+00
4.260010000000000296e+00 0.000000000000000000e+00 0.000000000000000000e+00 0.000000000000000000e+00
4.270010000000000083e+00 0.000000000000000000e+00 0.000000000000000000e+00 0.000000000000000000e+00
4.280009999999999870e+00 0.000000000000000000e+00 0.000000000000000000e+00 0.000000000000000000e+00
4.290009999999999657e+00 0.000000000000000000e+00 0.000000000000000000e+00 0.000000000000000000e+00
4.300010000000000332e+00 0.000000000000000000e+00 0.000000000000000000e+00 0.000000000000000000e+00
4.310010000000000119e+00 0.000000000000000000e+00 0.000000000000000000e+00 0.000000000000000000e+00
4.320009999999999906e+00 0.000000000000000000e+00 0.000000000000000000e+00 0.000000000000000000e+00
4.330009999999999692e+00 0.000000000000000000e+00 0.000000000000000000e+00 0.000000000000000000e+00
4.340010000000000367e+00 0.000000000000000000e+00 0.000000000000000000e+00 0.000000000000000000e+00
4.350010000000000154e+00 0.000000000000000000e+00 0.000000000000000000e+00 0.000000000000000000e+00
4.360009999999999941e+00 0.000000000000000000e+00 0.000000000000000000e+00 0.000000000000000000e+00
4.370009999999999728e+00 0.000000000000000000e+00 0.000000000000000000e+00 0.000000000000000000e+00
4.380010000000000403e+00 0.000000000000000000e+00 0.000000000000000000e+00 0.000000000000000000e+00
4.390010000000000190e+00 0.000000000000000000e+00 0.000000000000000000e+00 0.000000000000000000e+00
4.400009999999999977e+00 0.000000000000000000e+00 0.000000000000000000e+00 0.000000000000000000e+00
4.410009999999999764e+00 0.000000000000000000e+00 0.000000000000000000e+00 0.000000000000000000e+00
4.420010000000000439e+00 0.000000000000000000e+00 0.000000000000000000e+00 0.000000000000000000e+00
4.430010000000000225e+00 0.000000000000000000e+00 0.000000000000000000e+00 0.000000000000000000e+00
4.440010000000000012e+00 0.000000000000000000e+00 0.000000000000000000e+00 0.000000000000000000e+00
4.450009999999999799e+00 0.000000000000000000e+00 0.000000000000000000e+00 0.000000000000000000e+00
4.460009999999999586e+00 0.000000000000000000e+00 0.000000000000000000e+00 0.000000000000000000e+00
4.470010000000000261e+00 0.000000000000000000e+00 0.000000000000000000e+00 0.000000000000000000e+00
4.480010000000000048e+00 0.000000000000000000e+00 0.000000000000000000e+00 0.000000000000000000e+00
4.490009999999999835e+00 0.000000000000000000e+00 0.000000000000000000e+00 0.000000000000000000e+00
4.500009999999999621e+00 0.000000000000000000e+00 0.000000000000000000e+00 0.000000000000000000e+00
4.510010000000000296e+00 0.000000000000000000e+00 0.000000000000000000e+00 0.000000000000000000e+00
4.520010000000000083e+00 0.000000000000000000e+00 0.000000000000000000e+00 0.000000000000000000e+00
4.530009999999999870e+00 0.000000000000000000e+00 0.000000000000000000e+00 0.000000000000000000e+00
4.540009999999999657e+00 0.000000000000000000e+00 0.000000000000000000e+00 0.000000000000000000e+00
4.550010000000000332e+00 0.000000000000000000e+00 0.000000000000000000e+00 0.000000000000000000e+00
4.560010000000000119e+00 0.000000000000000000e+00 0.000000000000000000e+00 0.000000000000000000e+00
4.570009999999999906e+00 0.000000000000000000e+00 0.000000000000000000e+00 0.000000000000000000e+00
4.580009999999999692e+00 0.000000000000000000e+00 0.000000000000000000e+00 0.000000000000000000e+00
4.590010000000000367e+00 0.000000000000000000e+00 0.000000000000000000e+00 0.000000000000000000e+00
4.600010000000000154e+00 0.000000000000000000e+00 0.000000000000000000e+00 0.000000000000000000e+00
4.610009999999999941e+00 0.000000000000000000e+00 0.000000000000000000e+00 0.000000000000000000e+00
4.620009999999999728e+00 0.000000000000000000e+00 0.000000000000000000e+00 0.000000000000000000e+00
4.630010000000000403e+00 0.000000000000000000e+00 0.000000000000000000e+00 0.000000000000000000e+00
4.640010000000000190e+00 0.000000000000000000e+00 0.000000000000000000e+00 0.000000000000000000e+00
4.650009999999999977e+00 0.000000000000000000e+00 0.000000000000000000e+00 0.000000000000000000e+00
4.660009999999999764e+00 0.000000000000000000e+00 0.000000000000000000e+00 0.000000000000000000e+00
4.670010000000000439e+00 0.000000000000000000e+00 0.000000000000000000e+00 0.000000000000000000e+00
4.680010000000000225e+00 0.000000000000000000e+00 0.000000000000000000e+00 0.000000000000000000e+00
4.690010000000000012e+00 0.000000000000000000e+00 0.000000000000000000e+00 0.000000000000000000e+00
4.700009999999999799e+00 0.000000000000000000e+00 0.000000000000000000e+00 0.000000000000000000e+00
4.710009999999999586e+00 0.000000000000000000e+00 0.000000000000000000e+00 0.000000000000000000e+00
4.720010000000000261e+00 0.000000000000000000e+00 0.000000000000000000e+00 0.000000000000000000e+00
4.730010000000000048e+00 0.000000000000000000e+00 0.000000000000000000e+00 0.000000000000000000e+00
4.740009999999999835e+00 0.000000000000000000e+00 0.000000000000000000e+00 0.000000000000000000e+00
4.750009999999999621e+00 0.000000000000000000e+00 0.000000000000000000e+00 0.000000000000000000e+00
4.760010000000000296e+00 0.000000000000000000e+00 0.000000000000000000e+00 0.000000000000000000e+00
4.770010000000000083e+00 0.000000000000000000e+00 0.000000000000000000e+00 0.000000000000000000e+00
4.780009999999999870e+00 0.000000000000000000e+00 0.000000000000000000e+00 0.000000000000000000e+00
4.790009999999999657e+00 0.000000000000000000e+00 0.000000000000000000e+00 0.000000000000000000e+00
4.800010000000000332e+00 0.000000000000000000e+00 0.000000000000000000e+00 0.000000000000000000e+00
4.810010000000000119e+00 0.000000000000000000e+00 0.000000000000000000e+00 0.000000000000000000e+00
4.820009999999999906e+00 0.000000000000000000e+00 0.000000000000000000e+00 0.000000000000000000e+00
4.830009999999999692e+00 0.000000000000000000e+00 0.000000000000000000e+00 0.000000000000000000e+00
4.840010000000000367e+00 0.000000000000000000e+00 0.000000000000000000e+00 0.000000000000000000e+00
4.850010000000000154e+00 0.000000000000000000e+00 0.000000000000000000e+00 0.000000000000000000e+00
4.860009999999999941e+00 0.000000000000000000e+00 0.000000000000000000e+00 0.000000000000000000e+00
4.870009999999999728e+00 0.000000000000000000e+00 0.000000000000000000e+00 0.000000000000000000e+00
4.880010000000000403e+00 0.000000000000000000e+00 0.000000000000000000e+00 0.000000000000000000e+00
4.890010000000000190e+00 0.000000000000000000e+00 0.000000000000000000e+00 0.000000000000000000e+00
4.900009999999999977e+00 0.000000000000000000e+00 0.000000000000000000e+00 0.000000000000000000e+00
4.910009999999999764e+00 0.000000000000000000e+00 0.000000000000000000e+00 0.000000000000000000e+00
4.920010000000000439e+00 0.000000000000000000e+00 0.000000000000000000e+00 0.000000000000000000e+00
4.930010000000000225e+00 0.000000000000000000e+00 0.000000000000000000e+00 0.000000000000000000e+00
4.940010000000000012e+00 0.000000000000000000e+00 0.000000000000000000e+00 0.000000000000000000e+00
4.950009999999999799e+00 0.000000000000000000e+00 0.000000000000000000e+00 0.000000000000000000e+00
4.960009999999999586e+00 0.000000000000000000e+00 0.000000000000000000e+00 0.000000000000000000e+00
4.970010000000000261e+00 0.000000000000000000e+00 0.000000000000000000e+00 0.000000000000000000e+00
4.980010000000000048e+00 0.000000000000000000e+00 0.000000000000000000e+00 0.000000000000000000e+00
4.990009999999999835e+00 0.000000000000000000e+00 0.000000000000000000e+00 0.000000000000000000e+00
5.000009999999999621e+00 0.000000000000000000e+00 0.000000000000000000e+00 0.000000000000000000e+00
5.010010000000000296e+00 0.000000000000000000e+00 0.000000000000000000e+00 0.000000000000000000e+00
5.020010000000000083e+00 0.000000000000000000e+00 0.000000000000000000e+00 0.000000000000000000e+00
5.030009999999999870e+00 0.000000000000000000e+00 0.000000000000000000e+00 0.000000000000000000e+00
5.040009999999999657e+00 0.000000000000000000e+00 0.000000000000000000e+00 0.000000000000000000e+00
5.050010000000000332e+00 0.000000000000000000e+00 0.000000000000000000e+00 0.000000000000000000e+00
5.060010000000000119e+00 0.000000000000000000e+00 0.000000000000000000e+00 0.000000000000000000e+00
5.070009999999999906e+00 0.000000000000000000e+00 0.000000000000000000e+00 0.000000000000000000e+00
5.080009999999999692e+00 0.000000000000000000e+00 0.000000000000000000e+00 0.000000000000000000e+00
5.090010000000000367e+00 0.000000000000000000e+00 0.000000000000000000e+00 0.000000000000000000e+00
5.100010000000000154e+00 0.000000000000000000e+00 0.000000000000000000e+00 0.000000000000000000e+00
5.110009999999999941e+00 0.000000000000000000e+00 0.000000000000000000e+00 0.000000000000000000e+00
5.120009999999999728e+00 0.000000000000000000e+00 0.000000000000000000e+00 0.000000000000000000e+00
5.130010000000000403e+00 0.000000000000000000e+00 0.000000000000000000e+00 0.000000000000000000e+00
5.140010000000000190e+00 0.000000000000000000e+00 0.000000000000000000e+00 0.000000000000000000e+00
5.150009999999999977e+00 0.000000000000000000e+00 0.000000000000000000e+00 0.000000000000000000e+00
5.160009999999999764e+00 0.000000000000000000e+00 0.000000000000000000e+00 0.000000000000000000e+00
5.170010000000000439e+00 0.000000000000000000e+00 0.000000000000000000e+00 0.000000000000000000e+00
5.180010000000000225e+00 0.000000000000000000e+00 0.000000000000000000e+00 0.000000000000000000e+00
5.190010000000000012e+00 0.000000000000000000e+00 0.000000000000000000e+00 0.000000000000000000e+00
5.200009999999999799e+00 0.000000000000000000e+00 0.000000000000000000e+00 0.000000000000000000e+00
5.210009999999999586e+00 0.000000000000000000e+00 0.000000000000000000e+00 0.000000000000000000e+00
5.220010000000000261e+00 0.000000000000000000e+00 0.000000000000000000e+00 0.000000000000000000e+00
5.230010000000000048e+00 0.000000000000000000e+00 0.000000000000000000e+00 0.000000000000000000e+00
5.240009999999999835e+00 0.000000000000000000e+00 0.000000000000000000e+00 0.000000000000000000e+00
5.250009999999999621e+00 0.000000000000000000e+00 0.000000000000000000e+00 0.000000000000000000e+00
5.260010000000000296e+00 0.000000000000000000e+00 0.000000000000000000e+00 0.000000000000000000e+00
5.270010000000000083e+00 0.000000000000000000e+00 0.000000000000000000e+00 0.000000000000000000e+00
5.280009999999999870e+00 0.000000000000000000e+00 0.000000000000000000e+00 0.000000000000000000e+00
5.290009999999999657e+00 0.000000000000000000e+00 0.000000000000000000e+00 0.000000000000000000e+00
5.300010000000000332e+00 0.000000000000000000e+00 0.000000000000000000e+00 0.000000000000000000e+00
5.310010000000000119e+00 0.000000000000000000e+00 0.000000000000000000e+00 0.000000000000000000e+00
5.320009999999999906e+00 0.000000000000000000e+00 0.000000000000000000e+00 0.000000000000000000e+00
5.330009999999999692e+00 0.000000000000000000e+00 0.000000000000000000e+00 0.000000000000000000e+00
5.340010000000000367e+00 0.000000000000000000e+00 0.000000000000000000e+00 0.000000000000000000e+00
5.350010000000000154e+00 0.000000000000000000e+00 0.000000000000000000e+00 0.000000000000000000e+00
5.360009999999999941e+00 0.000000000000000000e+00 0.000000000000000000e+00 0.000000000000000000e+00
5.370009999999999728e+00 0.000000000000000000e+00 0.000000000000000000e+00 0.000000000000000000e+00
5.380010000000000403e+00 0.000000000000000000e+00 0.000000000000000000e+00 0.000000000000000000e+00
5.390010000000000190e+00 0.000000000000000000e+00 0.000000000000000000e+00 0.000000000000000000e+00
5.400009999999999977e+00 0.000000000000000000e+00 0.000000000000000000e+00 0.000000000000000000e+00
5.410009999999999764e+00 0.000000000000000000e+00 0.000000000000000000e+00 0.000000000000000000e+00
5.420010000000000439e+00 0.000000000000000000e+00 0.000000000000000000e+00 0.000000000000000000e+00
5.430010000000000225e+00 0.000000000000000000e+00 0.000000000000000000e+00 0.000000000000000000e+00
5.440010000000000012e+00 0.000000000000000000e+00 0.000000000000000000e+00 0.000000000000000000e+00
5.450009999999999799e+00 0.000000000000000000e+00 0.000000000000000000e+00 0.000000000000000000e+00
5.460009999999999586e+00 0.000000000000000000e+00 0.000000000000000000e+00 0.000000000000000000e+00
5.470010000000000261e+00 0.000000000000000000e+00 0.000000000000000000e+00 0.000000000000000000e+00
5.480010000000000048e+00 0.000000000000000000e+00 0.000000000000000000e+00 0.000000000000000000e+00
5.490009999999999835e+00 0.000000000000000000e+00 0.000000000000000000e+00 0.000000000000000000e+00
5.500009999999999621e+00 0.000000000000000000e+00 0.000000000000000000e+00 0.000000000000000000e+00
5.510010000000000296e+00 0.000000000000000000e+00 0.000000000000000000e+00 0.000000000000000000e+00
5.520010000000000083e+00 0.000000000000000000e+00 0.000000000000000000e+00 0.000000000000000000e+00
5.530009999999999870e+00 0.000000000000000000e+00 0.000000000000000000e+00 0.000000000000000000e+00
5.540009999999999657e+00 0.000000000000000000e+00 0.000000000000000000e+00 0.000000000000000000e+00
5.550010000000000332e+00 0.000000000000000000e+00 0.000000000000000000e+00 0.000000000000000000e+00
5.560010000000000119e+00 0.000000000000000000e+00 0.000000000000000000e+00 0.000000000000000000e+00
5.570009999999999906e+00 0.000000000000000000e+00 0.000000000000000000e+00 0.000000000000000000e+00
5.580009999999999692e+00 0.000000000000000000e+00 0.000000000000000000e+00 0.000000000000000000e+00
5.590010000000000367e+00 0.000000000000000000e+00 0.000000000000000000e+00 0.000000000000000000e+00
5.600010000000000154e+00 0.000000000000000000e+00 0.000000000000000000e+00 0.000000000000000000e+00
5.610009999999999941e+00 0.000000000000000000e+00 0.000000000000000000e+00 0.000000000000000000e+00
5.620009999999999728e+00 0.000000000000000000e+00 0.000000000000000000e+00 0.000000000000000000e+00
5.630010000000000403e+00 0.000000000000000000e+00 0.000000000000000000e+00 0.000000000000000000e+00
5.640010000000000190e+00 0.000000000000000000e+00 0.000000000000000000e+00 0.000000000000000000e+00
5.650009999999999977e+00 0.000000000000000000e+00 0.000000000000000000e+00 0.000000000000000000e+00
5.660009999999999764e+00 0.000000000000000000e+00 0.000000000000000000e+00 0.000000000000000000e+00
5.670010000000000439e+00 0.000000000000000000e+00 0.000000000000000000e+00 0.000000000000000000e+00
5.680010000000000225e+00 0.000000000000000000e+00 0.000000000000000000e+00 0.000000000000000000e+00
5.690010000000000012e+00 0.000000000000000000e+00 0.000000000000000000e+00 0.000000000000000000e+00
5.700009999999999799e+00 0.000000000000000000e+00 0.000000000000000000e+00 0.000000000000000000e+00
5.710009999999999586e+00 0.000000000000000000e+00 0.000000000000000000e+00 0.000000000000000000e+00
5.720010000000000261e+00 0.000000000000000000e+00 0.000000000000000000e+00 0.000000000000000000e+00
5.730010000000000048e+00 0.000000000000000000e+00 0.000000000000000000e+00 0.000000000000000000e+00
5.740009999999999835e+00 0.000000000000000000e+00 0.000000000000000000e+00 0.000000000000000000e+00
5.750009999999999621e+00 0.000000000000000000e+00 0.000000000000000000e+00 0.000000000000000000e+00
5.760010000000000296e+00 0.000000000000000000e+00 0.000000000000000000e+00 0.000000000000000000e+00
5.770010000000000083e+00 0.000000000000000000e+00 0.000000000000000000e+00 0.000000000000000000e+00
5.780009999999999870e+00 0.000000000000000000e+00 0.000000000000000000e+00 0.000000000000000000e+00
5.790009999999999657e+00 0.000000000000000000e+00 0.000000000000000000e+00 0.000000000000000000e+00
5.800010000000000332e+00 0.000000000000000000e+00 0.000000000000000000e+00 0.000000000000000000e+00
5.810010000000000119e+00 0.000000000000000000e+00 0.000000000000000000e+00 0.000000000000000000e+00
5.820009999999999906e+00 0.000000000000000000e+00 0.000000000000000000e+00 0.000000000000000000e+00
5.830009999999999692e+00 0.000000000000000000e+00 0.000000000000000000e+00 0.000000000000000000e+00
5.840010000000000367e+00 0.000000000000000000e+00 0.000000000000000000e+00 0.000000000000000000e+00
5.850010000000000154e+00 0.000000000000000000e+00 0.000000000000000000e+00 0.000000000000000000e+00
5.860009999999999941e+00 0.000000000000000000e+00 0.000000000000000000e+00 0.000000000000000000e+00
5.870009999999999728e+00 0.000000000000000000e+00 0.000000000000000000e+00 0.000000000000000000e+00
5.880010000000000403e+00 0.000000000000000000e+00 0.000000000000000000e+00 0.000000000000000000e+00
5.890010000000000190e+00 0.000000000000000000e+00 0.000000000000000000e+00 0.000000000000000000e+00
5.900009999999999977e+00 0.000000000000000000e+00 0.000000000000000000e+00 0.000000000000000000e+00
5.910009999999999764e+00 0.000000000000000000e+00 0.000000000000000000e+00 0.000000000000000000e+00
5.920010000000000439e+00 0.000000000000000000e+00 0.000000000000000000e+00 0.000000000000000000e+00
5.930010000000000225e+00 0.000000000000000000e+00 0.000000000000000000e+00 0.000000000000000000e+00
5.940010000000000012e+00 0.000000000000000000e+00 0.000000000000000000e+00 0.000000000000000000e+00
5.950009999999999799e+00 0.000000000000000000e+00 0.000000000000000000e+00 0.000000000000000000e+00
5.960009999999999586e+00 0.000000000000000000e+00 0.000000000000000000e+00 0.000000000000000000e+00
5.970010000000000261e+00 0.000000000000000000e+00 0.000000000000000000e+00 0.000000000000000000e+00
5.980010000000000048e+00 0.000000000000000000e+00 0.000000000000000000e+00 0.000000000000000000e+00
5.990009999999999835e+00 0.000000000000000000e+00 0.000000000000000000e+00 0.000000000000000000e+00
6.000009999999999621e+00 0.000000000000000000e+00 0.000000000000000000e+00 0.000000000000000000e+00
6.010010000000000296e+00 0.000000000000000000e+00 0.000000000000000000e+00 0.000000000000000000e+00
6.020010000000000083e+00 0.000000000000000000e+00 0.000000000000000000e+00 0.000000000000000000e+00
6.030009999999999870e+00 0.000000000000000000e+00 0.000000000000000000e+00 0.000000000000000000e+00
6.040009999999999657e+00 0.000000000000000000e+00 0.000000000000000000e+00 0.000000000000000000e+00
6.050010000000000332e+00 0.000000000000000000e+00 0.000000000000000000e+00 0.000000000000000000e+00
6.060010000000000119e+00 0.000000000000000000e+00 0.000000000000000000e+00 0.000000000000000000e+00
6.070009999999999906e+00 0.000000000000000000e+00 0.000000000000000000e+00 0.000000000000000000e+00
6.080009999999999692e+00 0.000000000000000000e+00 0.000000000000000000e+00 0.000000000000000000e+00
6.090010000000000367e+00 0.000000000000000000e+00 0.000000000000000000e+00 0.000000000000000000e+00
6.100010000000000154e+00 0.000000000000000000e+00 0.000000000000000000e+00 0.000000000000000000e+00
6.110009999999999941e+00 0.000000000000000000e+00 0.000000000000000000e+00 0.000000000000000000e+00
6.120009999999999728e+00 0.000000000000000000e+00 0.000000000000000000e+00 0.000000000000000000e+00
6.130010000000000403e+00 0.000000000000000000e+00 0.000000000000000000e+00 0.000000000000000000e+00
6.140010000000000190e+00 0.000000000000000000e+00 0.000000000000000000e+00 0.000000000000000000e+00
6.150009999999999977e+00 0.000000000000000000e+00 0.000000000000000000e+00 0.000000000000000000e+00
6.160009999999999764e+00 0.000000000000000000e+00 0.000000000000000000e+00 0.000000000000000000e+00
6.170010000000000439e+00 0.000000000000000000e+00 0.000000000000000000e+00 0.000000000000000000e+00
6.180010000000000225e+00 0.000000000000000000e+00 0.000000000000000000e+00 0.000000000000000000e+00
6.190010000000000012e+00 0.000000000000000000e+00 0.000000000000000000e+00 0.000000000000000000e+00
6.200009999999999799e+00 0.000000000000000000e+00 0.000000000000000000e+00 0.000000000000000000e+00
6.210009999999999586e+00 0.000000000000000000e+00 0.000000000000000000e+00 0.000000000000000000e+00
6.220010000000000261e+00 0.000000000000000000e+00 0.000000000000000000e+00 0.000000000000000000e+00
6.230010000000000048e+00 0.000000000000000000e+00 0.000000000000000000e+00 0.000000000000000000e+00
6.240009999999999835e+00 0.000000000000000000e+00 0.000000000000000000e+00 0.000000000000000000e+00
6.250009999999999621e+00 0.000000000000000000e+00 0.000000000000000000e+00 0.000000000000000000e+00
6.260010000000000296e+00 0.000000000000000000e+00 0.000000000000000000e+00 0.000000000000000000e+00
6.270010000000000083e+00 0.000000000000000000e+00 0.000000000000000000e+00 0.000000000000000000e+00
6.280009999999999870e+00 0.000000000000000000e+00 0.000000000000000000e+00 0.000000000000000000e+00
6.290009999999999657e+00 0.000000000000000000e+00 0.000000000000000000e+00 0.000000000000000000e+00
6.300010000000000332e+00 0.000000000000000000e+00 0.000000000000000000e+00 0.000000000000000000e+00
6.310010000000000119e+00 0.000000000000000000e+00 0.000000000000000000e+00 0.000000000000000000e+00
6.320009999999999906e+00 0.000000000000000000e+00 0.000000000000000000e+00 0.000000000000000000e+00
6.330009999999999692e+00 0.000000000000000000e+00 0.000000000000000000e+00 0.000000000000000000e+00
6.340010000000000367e+00 0.000000000000000000e+00 0.000000000000000000e+00 0.000000000000000000e+00
6.350010000000000154e+00 0.000000000000000000e+00 0.000000000000000000e+00 0.000000000000000000e+00
6.360009999999999941e+00 0.000000000000000000e+00 0.000000000000000000e+00 0.000000000000000000e+00
6.370009999999999728e+00 0.000000000000000000e+00 0.000000000000000000e+00 0.000000000000000000e+00
6.380010000000000403e+00 0.000000000000000000e+00 0.000000000000000000e+00 0.000000000000000000e+00
6.390010000000000190e+00 0.000000000000000000e+00 0.000000000000000000e+00 0.000000000000000000e+00
6.400009999999999977e+00 0.000000000000000000e+00 0.000000000000000000e+00 0.000000000000000000e+00
6.410009999999999764e+00 0.000000000000000000e+00 0.000000000000000000e+00 0.000000000000000000e+00
6.420010000000000439e+00 0.000000000000000000e+00 0.000000000000000000e+00 0.000000000000000000e+00
6.430010000000000225e+00 0.000000000000000000e+00 0.000000000000000000e+00 0.000000000000000000e+00
6.440010000000000012e+00 0.000000000000000000e+00 0.000000000000000000e+00 0.000000000000000000e+00
6.450009999999999799e+00 0.000000000000000000e+00 0.000000000000000000e+00 0.000000000000000000e+00
6.460009999999999586e+00 0.000000000000000000e+00 0.000000000000000000e+00 0.000000000000000000e+00
6.470010000000000261e+00 0.000000000000000000e+00 0.000000000000000000e+00 0.000000000000000000e+00
6.480010000000000048e+00 0.000000000000000000e+00 0.000000000000000000e+00 0.000000000000000000e+00
6.490009999999999835e+00 0.000000000000000000e+00 0.000000000000000000e+00 0.000000000000000000e+00
6.500009999999999621e+00 0.000000000000000000e+00 0.000000000000000000e+00 0.000000000000000000e+00
6.510010000000000296e+00 0.000000000000000000e+00 0.000000000000000000e+00 0.000000000000000000e+00
6.520010000000000083e+00 0.000000000000000000e+00 0.000000000000000000e+00 0.000000000000000000e+00
6.530009999999999870e+00 0.000000000000000000e+00 0.000000000000000000e+00 0.000000000000000000e+00
6.540009999999999657e+00 0.000000000000000000e+00 0.000000000000000000e+00 0.000000000000000000e+00
6.550010000000000332e+00 0.000000000000000000e+00 0.000000000000000000e+00 0.000000000000000000e+00
6.560010000000000119e+00 0.000000000000000000e+00 0.000000000000000000e+00 0.000000000000000000e+00
6.570009999999999906e+00 0.000000000000000000e+00 0.000000000000000000e+00 0.000000000000000000e+00
6.580009999999999692e+00 0.000000000000000000e+00 0.000000000000000000e+00 0.000000000000000000e+00
6.590010000000000367e+00 0.000000000000000000e+00 0.000000000000000000e+00 0.000000000000000000e+00
6.600010000000000154e+00 0.000000000000000000e+00 0.000000000000000000e+00 0.000000000000000000e+00
6.610009999999999941e+00 0.000000000000000000e+00 0.000000000000000000e+00 0.000000000000000000e+00
6.620009999999999728e+00 0.000000000000000000e+00 0.000000000000000000e+00 0.000000000000000000e+00
6.630010000000000403e+00 0.000000000000000000e+00 0.000000000000000000e+00 0.000000000000000000e+00
6.640010000000000190e+00 0.000000000000000000e+00 0.000000000000000000e+00 0.000000000000000000e+00
6.650009999999999977e+00 0.000000000000000000e+00 0.000000000000000000e+00 0.000000000000000000e+00
6.660009999999999764e+00 0.000000000000000000e+00 0.000000000000000000e+00 0.000000000000000000e+00
6.670010000000000439e+00 0.000000000000000000e+00 0.000000000000000000e+00 0.000000000000000000e+00
6.680010000000000225e+00 0.000000000000000000e+00 0.000000000000000000e+00 0.000000000000000000e+00
6.690010000000000012e+00 0.000000000000000000e+00 0.000000000000000000e+00 0.000000000000000000e+00
6.700009999999999799e+00 0.000000000000000000e+00 0.000000000000000000e+00 0.000000000000000000e+00
6.710009999999999586e+00 0.000000000000000000e+00 0.000000000000000000e+00 0.000000000000000000e+00
6.720010000000000261e+00 0.000000000000000000e+00 0.000000000000000000e+00 0.000000000000000000e+00
6.730010000000000048e+00 0.000000000000000000e+00 0.000000000000000000e+00 0.000000000000000000e+00
6.740009999999999835e+00 0.000000000000000000e+00 0.000000000000000000e+00 0.000000000000000000e+00
6.750009999999999621e+00 0.000000000000000000e+00 0.000000000000000000e+00 0.000000000000000000e+00
6.760010000000000296e+00 0.000000000000000000e+00 0.000000000000000000e+00 0.000000000000000000e+00
6.770010000000000083e+00 0.000000000000000000e+00 0.000000000000000000e+00 0.000000000000000000e+00
6.780009999999999870e+00 0.000000000000000000e+00 0.000000000000000000e+00 0.000000000000000000e+00
6.790009999999999657e+00 0.000000000000000000e+00 0.000000000000000000e+00 0.000000000000000000e+00
6.800010000000000332e+00 0.000000000000000000e+00 0.000000000000000000e+00 0.000000000000000000e+00
6.810010000000000119e+00 0.000000000000000000e+00 0.000000000000000000e+00 0.000000000000000000e+00
6.820009999999999906e+00 0.000000000000000000e+00 0.000000000000000000e+00 0.000000000000000000e+00
6.830009999999999692e+00 0.000000000000000000e+00 0.000000000000000000e+00 0.000000000000000000e+00
6.840010000000000367e+00 0.000000000000000000e+00 0.000000000000000000e+00 0.000000000000000000e+00
6.850010000000000154e+00 0.000000000000000000e+00 0.000000000000000000e+00 0.000000000000000000e+00
6.860009999999999941e+00 0.000000000000000000e+00 0.000000000000000000e+00 0.000000000000000000e+00
6.870009999999999728e+00 0.000000000000000000e+00 0.000000000000000000e+00 0.000000000000000000e+00
6.880010000000000403e+00 0.000000000000000000e+00 0.000000000000000000e+00 0.000000000000000000e+00
6.890010000000000190e+00 0.000000000000000000e+00 0.000000000000000000e+00 0.000000000000000000e+00
6.900009999999999977e+00 0.000000000000000000e+00 0.000000000000000000e+00 0.000000000000000000e+00
6.910009999999999764e+00 0.000000000000000000e+00 0.000000000000000000e+00 0.000000000000000000e+00
6.920010000000000439e+00 0.000000000000000000e+00 0.000000000000000000e+00 0.000000000000000000e+00
6.930010000000000225e+00 0.000000000000000000e+00 0.000000000000000000e+00 0.000000000000000000e+00
6.940010000000000012e+00 0.000000000000000000e+00 0.000000000000000000e+00 0.000000000000000000e+00
6.950009999999999799e+00 0.000000000000000000e+00 0.000000000000000000e+00 0.000000000000000000e+00
6.960009999999999586e+00 0.000000000000000000e+00 0.000000000000000000e+00 0.000000000000000000e+00
6.970010000000000261e+00 0.000000000000000000e+00 0.000000000000000000e+00 0.000000000000000000e+00
6.980010000000000048e+00 0.000000000000000000e+00 0.000000000000000000e+00 0.000000000000000000e+00
6.990009999999999835e+00 0.000000000000000000e+00 0.000000000000000000e+00 0.000000000000000000e+00
7.000009999999999621e+00 0.000000000000000000e+00 0.000000000000000000e+00 0.000000000000000000e+00
7.010010000000000296e+00 0.000000000000000000e+00 0.000000000000000000e+00 0.000000000000000000e+00
7.020010000000000083e+00 0.000000000000000000e+00 0.000000000000000000e+00 0.000000000000000000e+00
7.030009999999999870e+00 0.000000000000000000e+00 0.000000000000000000e+00 0.000000000000000000e+00
7.040009999999999657e+00 0.000000000000000000e+00 0.000000000000000000e+00 0.000000000000000000e+00
7.050010000000000332e+00 0.000000000000000000e+00 0.000000000000000000e+00 0.000000000000000000e+00
7.060010000000000119e+00 0.000000000000000000e+00 0.000000000000000000e+00 0.000000000000000000e+00
7.070009999999999906e+00 0.000000000000000000e+00 0.000000000000000000e+00 0.000000000000000000e+00
7.080009999999999692e+00 0.000000000000000000e+00 0.000000000000000000e+00 0.000000000000000000e+00
7.090010000000000367e+00 0.000000000000000000e+00 0.000000000000000000e+00 0.000000000000000000e+00
7.100010000000000154e+00 0.000000000000000000e+00 0.000000000000000000e+00 0.000000000000000000e+00
7.110009999999999941e+00 0.000000000000000000e+00 0.000000000000000000e+00 0.000000000000000000e+00
7.120009999999999728e+00 0.000000000000000000e+00 0.000000000000000000e+00 0.000000000000000000e+00
7.130010000000000403e+00 0.000000000000000000e+00 0.000000000000000000e+00 0.000000000000000000e+00
7.140010000000000190e+00 0.000000000000000000e+00 0.000000000000000000e+00 0.000000000000000000e+00
7.150009999999999977e+00 0.000000000000000000e+00 0.000000000000000000e+00 0.000000000000000000e+00
7.160009999999999764e+00 0.000000000000000000e+00 0.000000000000000000e+00 0.000000000000000000e+00
7.170010000000000439e+00 0.000000000000000000e+00 0.000000000000000000e+00 0.000000000000000000e+00
7.180010000000000225e+00 0.000000000000000000e+00 0.000000000000000000e+00 0.000000000000000000e+00
7.190010000000000012e+00 0.000000000000000000e+00 0.000000000000000000e+00 0.000000000000000000e+00
7.200009999999999799e+00 0.000000000000000000e+00 0.000000000000000000e+00 0.000000000000000000e+00
7.210009999999999586e+00 0.000000000000000000e+00 0.000000000000000000e+00 0.000000000000000000e+00
7.220010000000000261e+00 0.000000000000000000e+00 0.000000000000000000e+00 0.000000000000000000e+00
7.230010000000000048e+00 0.000000000000000000e+00 0.000000000000000000e+00 0.000000000000000000e+00
7.240009999999999835e+00 0.000000000000000000e+00 0.000000000000000000e+00 0.000000000000000000e+00
7.250009999999999621e+00 0.000000000000000000e+00 0.000000000000000000e+00 0.000000000000000000e+00
7.260010000000000296e+00 0.000000000000000000e+00 0.000000000000000000e+00 0.000000000000000000e+00
7.270010000000000083e+00 0.000000000000000000e+00 0.000000000000000000e+00 0.000000000000000000e+00
7.280009999999999870e+00 0.000000000000000000e+00 0.000000000000000000e+00 0.000000000000000000e+00
7.290009999999999657e+00 0.000000000000000000e+00 0.000000000000000000e+00 0.000000000000000000e+00
7.300010000000000332e+00 0.000000000000000000e+00 0.000000000000000000e+00 0.000000000000000000e+00
7.310010000000000119e+00 0.000000000000000000e+00 0.000000000000000000e+00 0.000000000000000000e+00
7.320009999999999906e+00 0.000000000000000000e+00 0.000000000000000000e+00 0.000000000000000000e+00
7.330009999999999692e+00 0.000000000000000000e+00 0.000000000000000000e+00 0.000000000000000000e+00
7.340010000000000367e+00 0.000000000000000000e+00 0.000000000000000000e+00 0.000000000000000000e+00
7.350010000000000154e+00 0.000000000000000000e+00 0.000000000000000000e+00 0.000000000000000000e+00
7.360009999999999941e+00 0.000000000000000000e+00 0.000000000000000000e+00 0.000000000000000000e+00
7.370009999999999728e+00 0.000000000000000000e+00 0.000000000000000000e+00 0.000000000000000000e+00
7.380010000000000403e+00 0.000000000000000000e+00 0.000000000000000000e+00 0.000000000000000000e+00
7.390010000000000190e+00 0.000000000000000000e+00 0.000000000000000000e+00 0.000000000000000000e+00
7.400009999999999977e+00 0.000000000000000000e+00 0.000000000000000000e+00 0.000000000000000000e+00
7.410009999999999764e+00 0.000000000000000000e+00 0.000000000000000000e+00 0.000000000000000000e+00
7.420010000000000439e+00 0.000000000000000000e+00 0.000000000000000000e+00 0.000000000000000000e+00
7.430010000000000225e+00 0.000000000000000000e+00 0.000000000000000000e+00 0.000000000000000000e+00
7.440010000000000012e+00 0.000000000000000000e+00 0.000000000000000000e+00 0.000000000000000000e+00
7.450009999999999799e+00 0.000000000000000000e+00 0.000000000000000000e+00 0.000000000000000000e+00
7.460009999999999586e+00 0.000000000000000000e+00 0.000000000000000000e+00 0.000000000000000000e+00
7.470010000000000261e+00 0.000000000000000000e+00 0.000000000000000000e+00 0.000000000000000000e+00
7.480010000000000048e+00 0.000000000000000000e+00 0.000000000000000000e+00 0.000000000000000000e+00
7.490009999999999835e+00 0.000000000000000000e+00 0.000000000000000000e+00 0.000000000000000000e+00
7.500009999999999621e+00 0.000000000000000000e+00 0.000000000000000000e+00 0.000000000000000000e+00
7.510010000000000296e+00 0.000000000000000000e+00 0.000000000000000000e+00 0.000000000000000000e+00
7.520010000000000083e+00 0.000000000000000000e+00 0.000000000000000000e+00 0.000000000000000000e+00
7.530009999999999870e+00 0.000000000000000000e+00 0.000000000000000000e+00 0.000000000000000000e+00
7.540009999999999657e+00 0.000000000000000000e+00 0.000000000000000000e+00 0.000000000000000000e+00
7.550010000000000332e+00 0.000000000000000000e+00 0.000000000000000000e+00 0.000000000000000000e+00
7.560010000000000119e+00 0.000000000000000000e+00 0.000000000000000000e+00 0.000000000000000000e+00
7.570009999999999906e+00 0.000000000000000000e+00 0.000000000000000000e+00 0.000000000000000000e+00
7.580009999999999692e+00 0.000000000000000000e+00 0.000000000000000000e+00 0.000000000000000000e+00
7.590010000000000367e+00 0.000000000000000000e+00 0.000000000000000000e+00 0.000000000000000000e+00
7.600010000000000154e+00 0.000000000000000000e+00 0.000000000000000000e+00 0.000000000000000000e+00
7.610009999999999941e+00 0.000000000000000000e+00 0.000000000000000000e+00 0.000000000000000000e+00
7.620009999999999728e+00 0.000000000000000000e+00 0.000000000000000000e+00 0.000000000000000000e+00
7.630010000000000403e+00 0.000000000000000000e+00 0.000000000000000000e+00 0.000000000000000000e+00
7.640010000000000190e+00 0.000000000000000000e+00 0.000000000000000000e+00 0.000000000000000000e+00
7.650009999999999977e+00 0.000000000000000000e+00 0.000000000000000000e+00 0.000000000000000000e+00
7.660009999999999764e+00 0.000000000000000000e+00 0.000000000000000000e+00 0.000000000000000000e+00
7.670010000000000439e+00 0.000000000000000000e+00 0.000000000000000000e+00 0.000000000000000000e+00
7.680010000000000225e+00 0.000000000000000000e+00 0.000000000000000000e+00 0.000000000000000000e+00
7.690010000000000012e+00 0.000000000000000000e+00 0.000000000000000000e+00 0.000000000000000000e+00
7.700009999999999799e+00 0.000000000000000000e+00 0.000000000000000000e+00 0.000000000000000000e+00
7.710009999999999586e+00 0.000000000000000000e+00 0.000000000000000000e+00 0.000000000000000000e+00
7.720010000000000261e+00 0.000000000000000000e+00 0.000000000000000000e+00 0.000000000000000000e+00
7.730010000000000048e+00 0.000000000000000000e+00 0.000000000000000000e+00 0.000000000000000000e+00
7.740009999999999835e+00 0.000000000000000000e+00 0.000000000000000000e+00 0.000000000000000000e+00
7.750009999999999621e+00 0.000000000000000000e+00 0.000000000000000000e+00 0.000000000000000000e+00
7.760010000000000296e+00 0.000000000000000000e+00 0.000000000000000000e+00 0.000000000000000000e+00
7.770010000000000083e+00 0.000000000000000000e+00 0.000000000000000000e+00 0.000000000000000000e+00
7.780009999999999870e+00 0.000000000000000000e+00 0.000000000000000000e+00 0.000000000000000000e+00
7.790009999999999657e+00 0.000000000000000000e+00 0.000000000000000000e+00 0.000000000000000000e+00
7.800010000000000332e+00 0.000000000000000000e+00 0.000000000000000000e+00 0.000000000000000000e+00
7.810010000000000119e+00 0.000000000000000000e+00 0.000000000000000000e+00 0.000000000000000000e+00
7.820009999999999906e+00 0.000000000000000000e+00 0.000000000000000000e+00 0.000000000000000000e+00
7.830009999999999692e+00 0.000000000000000000e+00 0.000000000000000000e+00 0.000000000000000000e+00
7.840010000000000367e+00 0.000000000000000000e+00 0.000000000000000000e+00 0.000000000000000000e+00
7.850010000000000154e+00 0.000000000000000000e+00 0.000000000000000000e+00 0.000000000000000000e+00
7.860009999999999941e+00 0.000000000000000000e+00 0.000000000000000000e+00 0.000000000000000000e+00
7.870009999999999728e+00 0.000000000000000000e+00 0.000000000000000000e+00 0.000000000000000000e+00
7.880010000000000403e+00 0.000000000000000000e+00 0.000000000000000000e+00 0.000000000000000000e+00
7.890010000000000190e+00 0.000000000000000000e+00 0.000000000000000000e+00 0.000000000000000000e+00
7.900009999999999977e+00 0.000000000000000000e+00 0.000000000000000000e+00 0.000000000000000000e+00
7.910009999999999764e+00 0.000000000000000000e+00 0.000000000000000000e+00 0.000000000000000000e+00
7.920010000000000439e+00 0.000000000000000000e+00 0.000000000000000000e+00 0.000000000000000000e+00
7.930010000000000225e+00 0.000000000000000000e+00 0.000000000000000000e+00 0.000000000000000000e+00
7.940010000000000012e+00 0.000000000000000000e+00 0.000000000000000000e+00 0.000000000000000000e+00
7.950009999999999799e+00 0.000000000000000000e+00 0.000000000000000000e+00 0.000000000000000000e+00
7.960009999999999586e+00 0.000000000000000000e+00 0.000000000000000000e+00 0.000000000000000000e+00
7.970010000000000261e+00 0.000000000000000000e+00 0.000000000000000000e+00 0.000000000000000000e+00
7.980010000000000048e+00 0.000000000000000000e+00 0.000000000000000000e+00 0.000000000000000000e+00
7.990009999999999835e+00 0.000000000000000000e+00 0.000000000000000000e+00 0.000000000000000000e+00
8.000000000000000000e+00 0.000000000000000000e+00 0.000000000000000000e+00 0.000000000000000000e+00
