time P_D P_L P_R P_V P_{tot}
1.000000000000000082e-05 0.000000000000000000e+00 0.000000000000000000e+00 3.342290670719096200e-32 3.656386560920000419e-16 0.000000000000000000e+00
1.000999999999999980e-02 0.000000000000000000e+00 9.851163619575447825e-03 9.900587292967670875e-05 -9.950169492514874398e-03 0.000000000000000000e+00
2.001000000000000001e-02 0.000000000000000000e+00 1.940923615364633509e-02 3.920926212516826653e-04 -1.980132877490197937e-02 0.000000000000000000e+00
3.000999999999999848e-02 0.000000000000000000e+00 2.868100115392686889e-02 8.734665619701754069e-04 -2.955446771590295590e-02 0.000000000000000000e+00
4.000999999999999696e-02 0.000000000000000000e+00 3.767309339192950052e-02 1.537468135278336444e-03 -3.921056152719215593e-02 0.000000000000000000e+00
5.000999999999999890e-02 0.000000000000000000e+00 4.639200574504639268e-02 2.378568956743854022e-03 -4.877057470180974630e-02 0.000000000000000000e+00
6.001000000000000084e-02 0.000000000000000000e+00 5.484409480111314406e-02 3.391369276310145318e-03 -5.823546407737670294e-02 0.000000000000000000e+00
7.001000000000000278e-02 0.000000000000000000e+00 6.303558104362312620e-02 4.570595045376876081e-03 -6.760617608900000575e-02 0.000000000000000000e+00
8.000999999999999779e-02 0.000000000000000000e+00 7.097255242189666469e-02 5.911095284672579671e-03 -7.688364770663075332e-02 0.000000000000000000e+00
9.001000000000000667e-02 0.000000000000000000e+00 7.866096761824552253e-02 7.407839570971685994e-03 -8.606880718918279161e-02 0.000000000000000000e+00
1.000100000000000017e-01 0.000000000000000000e+00 8.610665810782433538e-02 9.055915395847104546e-03 -9.516257350372855917e-02 0.000000000000000000e+00
1.100099999999999967e-01 0.000000000000000000e+00 9.331533072799617912e-02 1.085052563100382013e-02 -1.041658563589999975e-01 0.000000000000000000e+00
1.200100000000000056e-01 0.000000000000000000e+00 1.002925693965440040e-01 1.278698580445600773e-02 -1.130795552010000066e-01 0.000000000000000000e+00
1.300099999999999867e-01 0.000000000000000000e+00 1.070438391677097367e-01 1.486072204429025358e-02 -1.219045612119999955e-01 0.000000000000000000e+00
1.400099999999999956e-01 0.000000000000000000e+00 1.135744880383760952e-01 1.706726856962391403e-02 -1.306417566080000092e-01 0.000000000000000000e+00
1.500100000000000044e-01 0.000000000000000000e+00 1.198897499208334133e-01 1.940226558316657593e-02 -1.392920155039999996e-01 0.000000000000000000e+00
1.600100000000000133e-01 0.000000000000000000e+00 1.259947461914612543e-01 2.186145674753875445e-02 -1.478562029390000088e-01 0.000000000000000000e+00
1.700099999999999945e-01 0.000000000000000000e+00 1.318944883711417049e-01 2.444068708485830702e-02 -1.563351754560000084e-01 0.000000000000000000e+00
1.800100000000000033e-01 0.000000000000000000e+00 1.375938802516920301e-01 2.713590074830795826e-02 -1.647297809999999918e-01 0.000000000000000000e+00
1.900100000000000122e-01 0.000000000000000000e+00 1.430977200361101542e-01 2.994313884088982761e-02 -1.730408588769999922e-01 0.000000000000000000e+00
2.000099999999999933e-01 0.000000000000000000e+00 1.484107028299853082e-01 3.285853748401468266e-02 -1.812692403139999908e-01 0.000000000000000000e+00
2.100100000000000022e-01 0.000000000000000000e+00 1.535374224481129424e-01 3.587832561388706182e-02 -1.894157480620000111e-01 0.000000000000000000e+00
2.200100000000000111e-01 0.000000000000000000e+00 1.584823735174326620e-01 3.899882296356731864e-02 -1.974811964809999876e-01 0.000000000000000000e+00
2.300099999999999922e-01 0.000000000000000000e+00 1.632499541142989341e-01 4.221643848970105944e-02 -2.054663926039999866e-01 0.000000000000000000e+00
2.400100000000000011e-01 0.000000000000000000e+00 1.678444666151546194e-01 4.552766770384538558e-02 -2.133721343190000119e-01 0.000000000000000000e+00
2.500100000000000100e-01 0.000000000000000000e+00 1.722701211085172768e-01 4.892909178448274360e-02 -2.211992128930000134e-01 0.000000000000000000e+00
2.600100000000000189e-01 0.000000000000000000e+00 1.765310358441602723e-01 5.241737468283971801e-02 -2.289484105269999903e-01 0.000000000000000000e+00
2.700099999999999723e-01 0.000000000000000000e+00 1.806312402260617789e-01 5.598926213993820483e-02 -2.366205023659999906e-01 0.000000000000000000e+00
2.800099999999999811e-01 0.000000000000000000e+00 1.845746761426640126e-01 5.964157953933599959e-02 -2.442162556820000052e-01 0.000000000000000000e+00
2.900099999999999900e-01 0.000000000000000000e+00 1.883651997343899209e-01 6.337123011161006902e-02 -2.517364298459999761e-01 0.000000000000000000e+00
3.000099999999999989e-01 0.000000000000000000e+00 1.920065835818986766e-01 6.717519364810135840e-02 -2.591817772300000211e-01 0.000000000000000000e+00
3.100100000000000078e-01 0.000000000000000000e+00 1.955025177678636761e-01 7.105052416213634980e-02 -2.665530419300000120e-01 0.000000000000000000e+00
3.200100000000000167e-01 0.000000000000000000e+00 1.988566124266846202e-01 7.499434916431534093e-02 -2.738509615909999750e-01 0.000000000000000000e+00
3.300100000000000255e-01 0.000000000000000000e+00 2.020723985036607107e-01 7.900386706733933395e-02 -2.810762655709999613e-01 0.000000000000000000e+00
3.400099999999999789e-01 0.000000000000000000e+00 2.051533300893643164e-01 8.307634642163570782e-02 -2.882296765110000103e-01 0.000000000000000000e+00
3.500099999999999878e-01 0.000000000000000000e+00 2.081027857536111303e-01 8.720912410338889365e-02 -2.953119098570000101e-01 0.000000000000000000e+00
3.600099999999999967e-01 0.000000000000000000e+00 2.109240700304197413e-01 9.139960369458026423e-02 -3.023236737250000195e-01 0.000000000000000000e+00
3.700100000000000056e-01 0.000000000000000000e+00 2.136204150790716183e-01 9.564525418592835504e-02 -3.092656692649999872e-01 0.000000000000000000e+00
3.800100000000000144e-01 0.000000000000000000e+00 2.161949821529348947e-01 9.994360850006508978e-02 -3.161385906529999845e-01 0.000000000000000000e+00
3.900100000000000233e-01 0.000000000000000000e+00 2.186508631019922488e-01 1.042922621430077690e-01 -3.229431252450000178e-01 0.000000000000000000e+00
4.000099999999999767e-01 0.000000000000000000e+00 2.209910817575127528e-01 1.086888717344872968e-01 -3.296799534919999664e-01 0.000000000000000000e+00
4.100099999999999856e-01 0.000000000000000000e+00 2.232185953892041608e-01 1.131311537377958365e-01 -3.363497491269999973e-01 0.000000000000000000e+00
4.200099999999999945e-01 0.000000000000000000e+00 2.253362960816381877e-01 1.176168831343618049e-01 -3.429531792159999926e-01 0.000000000000000000e+00
4.300100000000000033e-01 0.000000000000000000e+00 2.273470120387218463e-01 1.221438920192781524e-01 -3.494909040579999848e-01 0.000000000000000000e+00
4.400100000000000122e-01 0.000000000000000000e+00 2.292535089314658159e-01 1.267100683535341554e-01 -3.559635772850000546e-01 0.000000000000000000e+00
4.500100000000000211e-01 0.000000000000000000e+00 2.310584913193136358e-01 1.313133550176863173e-01 -3.623718463370000364e-01 0.000000000000000000e+00
4.600099999999999745e-01 0.000000000000000000e+00 2.327646037969570980e-01 1.359517483140429417e-01 -3.687163521109999564e-01 0.000000000000000000e+00
4.700099999999999834e-01 0.000000000000000000e+00 2.343744322833432592e-01 1.406232968706567221e-01 -3.749977291539999813e-01 0.000000000000000000e+00
4.800099999999999922e-01 0.000000000000000000e+00 2.358905051644498985e-01 1.453261002235501087e-01 -3.812166053880000072e-01 0.000000000000000000e+00
4.900100000000000011e-01 0.000000000000000000e+00 2.373152946463145119e-01 1.500583081206855185e-01 -3.873736027669999471e-01 0.000000000000000000e+00
5.000099999999999545e-01 0.000000000000000000e+00 2.386512178588906519e-01 1.548181192261093297e-01 -3.934693370849999816e-01 0.000000000000000000e+00
5.100099999999999634e-01 0.000000000000000000e+00 2.399006379928535215e-01 1.596037799791464595e-01 -3.995044179719999811e-01 0.000000000000000000e+00
5.200099999999999723e-01 0.000000000000000000e+00 2.410658654104892995e-01 1.644135834405107410e-01 -4.054794488509999573e-01 0.000000000000000000e+00
5.300099999999999811e-01 0.000000000000000000e+00 2.421491587915670651e-01 1.692458683884329185e-01 -4.113950271799999836e-01 0.000000000000000000e+00
5.400099999999999900e-01 0.000000000000000000e+00 2.431527262269324030e-01 1.740990183650675815e-01 -4.172517445919999846e-01 0.000000000000000000e+00
5.500099999999999989e-01 0.000000000000000000e+00 2.440787262467922492e-01 1.789714605422078053e-01 -4.230501867889999712e-01 0.000000000000000000e+00
5.600100000000000078e-01 0.000000000000000000e+00 2.449292688588799449e-01 1.838616647161200324e-01 -4.287909335749999773e-01 0.000000000000000000e+00
5.700100000000000167e-01 0.000000000000000000e+00 2.457064165719267113e-01 1.887681423530732649e-01 -4.344745589249999762e-01 0.000000000000000000e+00
5.800100000000000255e-01 0.000000000000000000e+00 2.464121854227661612e-01 1.936894458412337927e-01 -4.401016312640000372e-01 0.000000000000000000e+00
5.900100000000000344e-01 0.000000000000000000e+00 2.470485459209025569e-01 1.986241673890974668e-01 -4.456727133100000238e-01 0.000000000000000000e+00
6.000100000000000433e-01 0.000000000000000000e+00 2.476174240121576942e-01 2.035709381558423459e-01 -4.511883621679999568e-01 0.000000000000000000e+00
6.100100000000000522e-01 0.000000000000000000e+00 2.481207020108524008e-01 2.085284273041476122e-01 -4.566491293150000130e-01 0.000000000000000000e+00
6.200099999999999500e-01 0.000000000000000000e+00 2.485602195405516024e-01 2.134953413484484142e-01 -4.620555608890000165e-01 0.000000000000000000e+00
6.300099999999999589e-01 0.000000000000000000e+00 2.489377744141030857e-01 2.184704231518968809e-01 -4.674081975660000499e-01 0.000000000000000000e+00
6.400099999999999678e-01 0.000000000000000000e+00 2.492551235185692660e-01 2.234524511324307294e-01 -4.727075746509999954e-01 0.000000000000000000e+00
6.500099999999999767e-01 0.000000000000000000e+00 2.495139836695087487e-01 2.284402382654912023e-01 -4.779542219350000343e-01 0.000000000000000000e+00
6.600099999999999856e-01 0.000000000000000000e+00 2.497160324816882493e-01 2.334326317163117892e-01 -4.831486641979999552e-01 0.000000000000000000e+00
6.700099999999999945e-01 0.000000000000000000e+00 2.498629091762084309e-01 2.384285117557916056e-01 -4.882914209319999532e-01 0.000000000000000000e+00
6.800100000000000033e-01 0.000000000000000000e+00 2.499562153968753753e-01 2.434267910921246447e-01 -4.933830064890000200e-01 0.000000000000000000e+00
6.900100000000000122e-01 0.000000000000000000e+00 2.499975160028728161e-01 2.484264138441271974e-01 -4.984239298470000135e-01 0.000000000000000000e+00
7.000100000000000211e-01 0.000000000000000000e+00 2.499883398568071569e-01 2.534263553261927870e-01 -5.034146951829999717e-01 0.000000000000000000e+00
7.100100000000000300e-01 0.000000000000000000e+00 2.499301805791535047e-01 2.584256210488464767e-01 -5.083558016279999814e-01 0.000000000000000000e+00
7.200100000000000389e-01 0.000000000000000000e+00 2.498244972963444555e-01 2.634232460456554792e-01 -5.132477433419999624e-01 0.000000000000000000e+00
7.300100000000000477e-01 0.000000000000000000e+00 2.496727153782016539e-01 2.684182940407983664e-01 -5.180910094189999926e-01 0.000000000000000000e+00
7.400099999999999456e-01 0.000000000000000000e+00 2.494762271514552321e-01 2.734098570165447439e-01 -5.228860841679999760e-01 0.000000000000000000e+00
7.500099999999999545e-01 0.000000000000000000e+00 2.492363925990502826e-01 2.783970545429497179e-01 -5.276334471420000005e-01 0.000000000000000000e+00
7.600099999999999634e-01 0.000000000000000000e+00 2.489545400512983009e-01 2.833790330377016775e-01 -5.323335730889999784e-01 0.000000000000000000e+00
7.700099999999999723e-01 0.000000000000000000e+00 2.486319668618191814e-01 2.883549651301808292e-01 -5.369869319919999828e-01 0.000000000000000000e+00
7.800099999999999811e-01 0.000000000000000000e+00 2.482699400664640510e-01 2.933240490790775534e-01 -5.415939891464583988e-01 0.000000000000000000e+00
7.900099999999999900e-01 0.000000000000000000e+00 2.478696970248225884e-01 2.982855082631774013e-01 -5.461552052879999897e-01 0.000000000000000000e+00
8.000099999999999989e-01 0.000000000000000000e+00 2.474324460544418680e-01 3.032385905005581805e-01 -5.506710365550000486e-01 0.000000000000000000e+00
8.100100000000000078e-01 0.000000000000000000e+00 2.469593670566200549e-01 3.081825674698248085e-01 -5.551419345275551143e-01 0.000000000000000000e+00
8.200100000000000167e-01 0.000000000000000000e+00 2.464516121256357661e-01 3.131167341193641374e-01 -5.595683462450000700e-01 0.000000000000000000e+00
8.300100000000000255e-01 0.000000000000000000e+00 2.459103061264506229e-01 3.180404082835494028e-01 -5.639507144099999980e-01 0.000000000000000000e+00
8.400100000000000344e-01 0.000000000000000000e+00 2.453365472902293842e-01 3.229529300087706778e-01 -5.682894772990000343e-01 0.000000000000000000e+00
8.500100000000000433e-01 0.000000000000000000e+00 2.447314077838151636e-01 3.278536610401847629e-01 -5.725850688239999542e-01 0.000000000000000000e+00
8.600100000000000522e-01 0.000000000000000000e+00 2.440959342945718535e-01 3.327419841150049962e-01 -5.768379184104230895e-01 0.000000000000000000e+00
8.700099999999999500e-01 0.000000000000000000e+00 2.434311485173949186e-01 3.376173029341861809e-01 -5.810484514504189457e-01 0.000000000000000000e+00
8.800099999999999589e-01 0.000000000000000000e+00 2.427380477345261189e-01 3.424790413114738863e-01 -5.852170890460000052e-01 0.000000000000000000e+00
8.900099999999999678e-01 0.000000000000000000e+00 2.420176053284079642e-01 3.473266427874133200e-01 -5.893442481161785818e-01 0.000000000000000000e+00
9.000099999999999767e-01 0.000000000000000000e+00 2.412707713436253176e-01 3.521595698531878593e-01 -5.934303411971868503e-01 0.000000000000000000e+00
9.100099999999999856e-01 0.000000000000000000e+00 2.404984728990387233e-01 3.569773040993638458e-01 -5.974757769975974631e-01 0.000000000000000000e+00
9.200099999999999945e-01 0.000000000000000000e+00 2.397016147414370302e-01 3.617793453399615888e-01 -6.014809600806014789e-01 0.000000000000000000e+00
9.300100000000000033e-01 0.000000000000000000e+00 2.388810797168740008e-01 3.665652112723369327e-01 -6.054462909887892152e-01 0.000000000000000000e+00
9.400100000000000122e-01 0.000000000000000000e+00 2.380377292662350375e-01 3.713344369082024476e-01 -6.093721661735626016e-01 0.000000000000000000e+00
9.500100000000000211e-01 0.000000000000000000e+00 2.371724038508156995e-01 3.760865743754108204e-01 -6.132589782277735324e-01 0.000000000000000000e+00
9.600100000000000300e-01 0.000000000000000000e+00 2.362859234185512858e-01 3.808211924240658686e-01 -6.171071158433829584e-01 0.000000000000000000e+00
9.700100000000000389e-01 0.000000000000000000e+00 2.353790878556115407e-01 3.855378759861466387e-01 -6.209169638402418645e-01 0.000000000000000000e+00
9.800100000000000477e-01 0.000000000000000000e+00 2.344526774227735921e-01 3.902362257612289054e-01 -6.246889031859975683e-01 0.000000000000000000e+00
9.900099999999999456e-01 0.000000000000000000e+00 2.335074531771296480e-01 3.949158578798429575e-01 -6.284233110590273785e-01 0.000000000000000000e+00
1.000010000000000066e+00 0.000000000000000000e+00 2.325441573801742823e-01 3.995764035466650710e-01 -6.321205609271606241e-01 0.000000000000000000e+00
1.010010000000000074e+00 0.000000000000000000e+00 2.315635139168130963e-01 4.042175086277300378e-01 -6.357810225454568753e-01 0.000000000000000000e+00
1.020010000000000083e+00 0.000000000000000000e+00 2.305662287037835712e-01 4.088388332434469419e-01 -6.394050619447695372e-01 0.000000000000000000e+00
1.030010000000000092e+00 0.000000000000000000e+00 2.295529900862279815e-01 4.134400514013459316e-01 -6.429930414864259980e-01 0.000000000000000000e+00
1.040010000000000101e+00 0.000000000000000000e+00 2.285244691765375979e-01 4.180208508578674986e-01 -6.465453200315949278e-01 0.000000000000000000e+00
1.050010000000000110e+00 0.000000000000000000e+00 2.274813202681318647e-01 4.225809325856177967e-01 -6.500622528542503442e-01 0.000000000000000000e+00
1.060009999999999897e+00 0.000000000000000000e+00 2.264241812062960657e-01 4.271200104551369225e-01 -6.535441916665670758e-01 0.000000000000000000e+00
1.070009999999999906e+00 0.000000000000000000e+00 2.253536737778504551e-01 4.316378107725268309e-01 -6.569914845556228400e-01 0.000000000000000000e+00
1.080009999999999915e+00 0.000000000000000000e+00 2.242704039693158569e-01 4.361340723725511404e-01 -6.604044763461329737e-01 0.000000000000000000e+00
1.090009999999999923e+00 0.000000000000000000e+00 2.231749623856779385e-01 4.406085459839858554e-01 -6.637835083703361727e-01 0.000000000000000000e+00
1.100009999999999932e+00 0.000000000000000000e+00 2.220679245779829114e-01 4.450609939983818930e-01 -6.671289185656351650e-01 0.000000000000000000e+00
1.110009999999999941e+00 0.000000000000000000e+00 2.209498514388094637e-01 4.494911898755188928e-01 -6.704410412996716362e-01 0.000000000000000000e+00
1.120009999999999950e+00 0.000000000000000000e+00 2.198212893780907007e-01 4.538989184984594805e-01 -6.737202078634497715e-01 0.000000000000000000e+00
1.130009999999999959e+00 0.000000000000000000e+00 2.186827707522809028e-01 4.582839754139045318e-01 -6.769667461618145143e-01 0.000000000000000000e+00
1.140009999999999968e+00 0.000000000000000000e+00 2.175348141442787486e-01 4.626461666767391900e-01 -6.801809808429819526e-01 0.000000000000000000e+00
1.150009999999999977e+00 0.000000000000000000e+00 2.163779246545622093e-01 4.669853086685987198e-01 -6.833632333608390397e-01 0.000000000000000000e+00
1.160009999999999986e+00 0.000000000000000000e+00 2.152125942274006332e-01 4.713012276782807541e-01 -6.865138219423185806e-01 0.000000000000000000e+00
1.170009999999999994e+00 0.000000000000000000e+00 2.140393019224217652e-01 4.755937597331660882e-01 -6.896330616724120066e-01 0.000000000000000000e+00
1.180010000000000003e+00 0.000000000000000000e+00 2.128585142035694378e-01 4.798627503472821521e-01 -6.927212645091485044e-01 0.000000000000000000e+00
1.190010000000000012e+00 0.000000000000000000e+00 2.116706852960036356e-01 4.841080539324825183e-01 -6.957787391395138243e-01 0.000000000000000000e+00
1.200010000000000021e+00 0.000000000000000000e+00 2.104762573568497164e-01 4.883295339984439210e-01 -6.988057912587064546e-01 0.000000000000000000e+00
1.210010000000000030e+00 0.000000000000000000e+00 2.092756607458050311e-01 4.925270629071185624e-01 -7.018027235990764723e-01 0.000000000000000000e+00
1.220010000000000039e+00 0.000000000000000000e+00 2.080693143391819655e-01 4.967005214162061311e-01 -7.047698358266120122e-01 0.000000000000000000e+00
1.230010000000000048e+00 0.000000000000000000e+00 2.068576257015601050e-01 5.008497988629807551e-01 -7.077074247754592262e-01 0.000000000000000000e+00
1.240010000000000057e+00 0.000000000000000000e+00 2.056409913691227553e-01 5.049747927932648484e-01 -7.106157844036123938e-01 0.000000000000000000e+00
1.250010000000000066e+00 0.000000000000000000e+00 2.044197971991069951e-01 5.090754082186885743e-01 -7.134952055822044725e-01 0.000000000000000000e+00
1.260010000000000074e+00 0.000000000000000000e+00 2.031944184847854218e-01 5.131515580312626668e-01 -7.163459764179520572e-01 0.000000000000000000e+00
1.270010000000000083e+00 0.000000000000000000e+00 2.019652203645502797e-01 5.172031620352737225e-01 -7.191683818901759562e-01 0.000000000000000000e+00
1.280010000000000092e+00 0.000000000000000000e+00 2.007325582204081416e-01 5.212301460319681556e-01 -7.219627035336236842e-01 0.000000000000000000e+00
1.290010000000000101e+00 0.000000000000000000e+00 1.994967772095147251e-01 5.252324445902109007e-01 -7.247292210002742596e-01 0.000000000000000000e+00
1.300010000000000110e+00 0.000000000000000000e+00 1.982582130875417403e-01 5.292099982752466181e-01 -7.274682107432115519e-01 0.000000000000000000e+00
1.310009999999999897e+00 0.000000000000000000e+00 1.970171922021791977e-01 5.331627544372238292e-01 -7.301799465545970591e-01 0.000000000000000000e+00
1.320009999999999906e+00 0.000000000000000000e+00 1.957740312467219079e-01 5.370906691048404902e-01 -7.328647005384375523e-01 0.000000000000000000e+00
1.330009999999999915e+00 0.000000000000000000e+00 1.945290385580026038e-01 5.409937018558852451e-01 -7.355227408321122207e-01 0.000000000000000000e+00
1.340009999999999923e+00 0.000000000000000000e+00 1.932825134792209021e-01 5.448718194595426612e-01 -7.381543334252363975e-01 0.000000000000000000e+00
1.350009999999999932e+00 0.000000000000000000e+00 1.920347467699117239e-01 5.487249947427053076e-01 -7.407597417193829692e-01 0.000000000000000000e+00
1.360009999999999941e+00 0.000000000000000000e+00 1.907860213694429208e-01 5.525532039246112692e-01 -7.433392254299459045e-01 0.000000000000000000e+00
1.370009999999999950e+00 0.000000000000000000e+00 1.895366114693294579e-01 5.563564313690483321e-01 -7.458930428676221469e-01 0.000000000000000000e+00
1.380009999999999959e+00 0.000000000000000000e+00 1.882867834670780283e-01 5.601346660394990185e-01 -7.484214494194230127e-01 0.000000000000000000e+00
1.390009999999999968e+00 0.000000000000000000e+00 1.870367959903313226e-01 5.638879020566291977e-01 -7.509246978830396158e-01 0.000000000000000000e+00
1.400009999999999977e+00 0.000000000000000000e+00 1.857869000071140919e-01 5.676161389122512668e-01 -7.534030386346346475e-01 0.000000000000000000e+00
1.410009999999999986e+00 0.000000000000000000e+00 1.845373390889016030e-01 5.713193808063472545e-01 -7.558567194867511496e-01 0.000000000000000000e+00
1.420009999999999994e+00 0.000000000000000000e+00 1.832883495552921349e-01 5.749976366731853750e-01 -7.582859857595224407e-01 0.000000000000000000e+00
1.430010000000000003e+00 0.000000000000000000e+00 1.820401606208603973e-01 5.786509201424302473e-01 -7.606910803507093144e-01 0.000000000000000000e+00
1.440010000000000012e+00 0.000000000000000000e+00 1.807929945190253351e-01 5.822792496387396710e-01 -7.630722438382350203e-01 0.000000000000000000e+00
1.450010000000000021e+00 0.000000000000000000e+00 1.795470667097680273e-01 5.858826479735016468e-01 -7.654297144007303766e-01 0.000000000000000000e+00
1.460010000000000030e+00 0.000000000000000000e+00 1.783025860719332500e-01 5.894611419979085554e-01 -7.677637278001582244e-01 0.000000000000000000e+00
1.470010000000000039e+00 0.000000000000000000e+00 1.770597549923071390e-01 5.930147628509315760e-01 -7.700745175027612355e-01 0.000000000000000000e+00
1.480010000000000048e+00 0.000000000000000000e+00 1.758187696223114105e-01 5.965435453587430992e-01 -7.723623145229454590e-01 0.000000000000000000e+00
1.490010000000000057e+00 0.000000000000000000e+00 1.745798200425071334e-01 6.000475278333978757e-01 -7.746273474220949362e-01 0.000000000000000000e+00
1.500010000000000066e+00 0.000000000000000000e+00 1.733430901425450088e-01 6.035267530599534025e-01 -7.768698428015016200e-01 0.000000000000000000e+00
1.510010000000000074e+00 0.000000000000000000e+00 1.721087580142788287e-01 6.069812671199442677e-01 -7.790900248717768095e-01 0.000000000000000000e+00
1.520010000000000083e+00 0.000000000000000000e+00 1.708769959922617765e-01 6.104111197082741080e-01 -7.812881156534640104e-01 0.000000000000000000e+00
1.530010000000000092e+00 0.000000000000000000e+00 1.696479706871574789e-01 6.138163644457638179e-01 -7.834643351690786517e-01 0.000000000000000000e+00
1.540010000000000101e+00 0.000000000000000000e+00 1.684218433939130843e-01 6.171970575652387936e-01 -7.856189009968481685e-01 0.000000000000000000e+00
1.550010000000000110e+00 0.000000000000000000e+00 1.671987699954950168e-01 6.205532587824101887e-01 -7.877520286680947947e-01 0.000000000000000000e+00
1.560009999999999897e+00 0.000000000000000000e+00 1.659789011622507804e-01 6.238850308952015311e-01 -7.898639315805477956e-01 0.000000000000000000e+00
1.570009999999999906e+00 0.000000000000000000e+00 1.647623827753364190e-01 6.271924384433695820e-01 -7.919548205032940213e-01 0.000000000000000000e+00
1.580009999999999915e+00 0.000000000000000000e+00 1.635493554069685218e-01 6.304755502334978834e-01 -7.940249046935334842e-01 0.000000000000000000e+00
1.590009999999999923e+00 0.000000000000000000e+00 1.623399549117438001e-01 6.337344373028260813e-01 -7.960743911134300355e-01 0.000000000000000000e+00
1.600009999999999932e+00 0.000000000000000000e+00 1.611343124233367563e-01 6.369691733046727311e-01 -7.981034846519904358e-01 0.000000000000000000e+00
1.610009999999999941e+00 0.000000000000000000e+00 1.599325544725938575e-01 6.401798344160009036e-01 -8.001123881414051731e-01 0.000000000000000000e+00
1.620009999999999950e+00 0.000000000000000000e+00 1.587348028875232575e-01 6.433665003095903057e-01 -8.021013027188863553e-01 0.000000000000000000e+00
1.630009999999999959e+00 0.000000000000000000e+00 1.575411752452694769e-01 6.465292523245519396e-01 -8.040704272861785018e-01 0.000000000000000000e+00
1.640009999999999968e+00 0.000000000000000000e+00 1.563517848623706963e-01 6.496681739283384216e-01 -8.060199587232910190e-01 0.000000000000000000e+00
1.650009999999999977e+00 0.000000000000000000e+00 1.551667408156412742e-01 6.527833511022121948e-01 -8.079500920381466056e-01 0.000000000000000000e+00
1.660009999999999986e+00 0.000000000000000000e+00 1.539861480863185528e-01 6.558748720280467293e-01 -8.098610203256346729e-01 0.000000000000000000e+00
1.670009999999999994e+00 0.000000000000000000e+00 1.528101077654206164e-01 6.589428265954918595e-01 -8.117529346130876178e-01 0.000000000000000000e+00
1.680010000000000003e+00 0.000000000000000000e+00 1.516387171182262406e-01 6.619873064605863444e-01 -8.136260239331873922e-01 0.000000000000000000e+00
1.690010000000000012e+00 0.000000000000000000e+00 1.504720694063137743e-01 6.650084059983613072e-01 -8.154804757833250539e-01 0.000000000000000000e+00
1.700010000000000021e+00 0.000000000000000000e+00 1.493102542849260306e-01 6.680062210877801832e-01 -8.173164756532937947e-01 0.000000000000000000e+00
1.710010000000000030e+00 0.000000000000000000e+00 1.481533577940830626e-01 6.709808493912473581e-01 -8.191342072026694954e-01 0.000000000000000000e+00
1.720010000000000039e+00 0.000000000000000000e+00 1.470014624907232392e-01 6.739323901558637031e-01 -8.209338522194130627e-01 0.000000000000000000e+00
1.730010000000000048e+00 0.000000000000000000e+00 1.458546477955143250e-01 6.768609431487639938e-01 -8.227155902477216731e-01 0.000000000000000000e+00
1.740010000000000057e+00 0.000000000000000000e+00 1.447129893768620001e-01 6.797666112201550259e-01 -8.244795996689830986e-01 0.000000000000000000e+00
1.750010000000000066e+00 0.000000000000000000e+00 1.435765598109630670e-01 6.826494980837310989e-01 -8.262260568433058561e-01 0.000000000000000000e+00
1.760010000000000074e+00 0.000000000000000000e+00 1.424454285024472078e-01 6.855097088432909880e-01 -8.279551363722618129e-01 0.000000000000000000e+00
1.770010000000000083e+00 0.000000000000000000e+00 1.413196617694459645e-01 6.883473499207314328e-01 -8.296670111118225055e-01 0.000000000000000000e+00
1.780010000000000092e+00 0.000000000000000000e+00 1.401993228086532983e-01 6.911625297348678032e-01 -8.313618523404788796e-01 0.000000000000000000e+00
1.790010000000000101e+00 0.000000000000000000e+00 1.390844719804985585e-01 6.939553572443242224e-01 -8.330398294911772750e-01 0.000000000000000000e+00
1.800010000000000110e+00 0.000000000000000000e+00 1.379751667750948874e-01 6.967259426337407691e-01 -8.347011103211643412e-01 0.000000000000000000e+00
1.810009999999999897e+00 0.000000000000000000e+00 1.368714618685907825e-01 6.994743973292167905e-01 -8.363458609561923440e-01 0.000000000000000000e+00
1.820009999999999906e+00 0.000000000000000000e+00 1.357734092130487569e-01 7.022008338436802610e-01 -8.379742458672709837e-01 0.000000000000000000e+00
1.830009999999999915e+00 0.000000000000000000e+00 1.346810579991750689e-01 7.049053662037495505e-01 -8.395864280530754842e-01 0.000000000000000000e+00
1.840009999999999923e+00 0.000000000000000000e+00 1.335944548110585828e-01 7.075881095063749626e-01 -8.411825689165663977e-01 0.000000000000000000e+00
1.850009999999999932e+00 0.000000000000000000e+00 1.325136438294594599e-01 7.102491792306345753e-01 -8.427628281059058590e-01 0.000000000000000000e+00
1.860009999999999941e+00 0.000000000000000000e+00 1.314386666960668526e-01 7.128886921195040083e-01 -8.443273638064290321e-01 0.000000000000000000e+00
1.870009999999999950e+00 0.000000000000000000e+00 1.303695626373302108e-01 7.155067658361323746e-01 -8.458763326725374787e-01 0.000000000000000000e+00
1.880009999999999959e+00 0.000000000000000000e+00 1.293063687094728187e-01 7.181035182039056108e-01 -8.474098895866215564e-01 0.000000000000000000e+00
1.890009999999999968e+00 0.000000000000000000e+00 1.282491204558001419e-01 7.206790647602846489e-01 -8.489281868839151368e-01 0.000000000000000000e+00
1.900009999999999977e+00 0.000000000000000000e+00 1.271978500493997077e-01 7.232335263899637434e-01 -8.504313769766365105e-01 0.000000000000000000e+00
1.910009999999999986e+00 0.000000000000000000e+00 1.261525879952724027e-01 7.257670226897258159e-01 -8.519196101150017242e-01 0.000000000000000000e+00
1.920009999999999994e+00 0.000000000000000000e+00 1.251133627355008882e-01 7.282796737524874775e-01 -8.533930350340116489e-01 0.000000000000000000e+00
1.930010000000000003e+00 0.000000000000000000e+00 1.240802007031574783e-01 7.307716001094196612e-01 -8.548517989614228263e-01 0.000000000000000000e+00
1.940010000000000012e+00 0.000000000000000000e+00 1.230531260991279824e-01 7.332429242865510233e-01 -8.562960479823210624e-01 0.000000000000000000e+00
1.950010000000000021e+00 0.000000000000000000e+00 1.220321614870139293e-01 7.356937676835428874e-01 -8.577259263774432707e-01 0.000000000000000000e+00
1.960010000000000030e+00 0.000000000000000000e+00 1.210173275488463790e-01 7.381242522270723416e-01 -8.591415770140813368e-01 0.000000000000000000e+00
1.970010000000000039e+00 0.000000000000000000e+00 1.200086431148501415e-01 7.405345004273395926e-01 -8.605431413798103613e-01 0.000000000000000000e+00
1.980010000000000048e+00 0.000000000000000000e+00 1.190061252566635280e-01 7.429246351307138285e-01 -8.619307595506227049e-01 0.000000000000000000e+00
1.990010000000000057e+00 0.000000000000000000e+00 1.180097890588921727e-01 7.452947807218769372e-01 -8.633045705372308642e-01 0.000000000000000000e+00
2.000010000000000066e+00 0.000000000000000000e+00 1.170196477996597040e-01 7.476450624971348047e-01 -8.646647121392055935e-01 0.000000000000000000e+00
2.010009999999999852e+00 0.000000000000000000e+00 1.160357135801029366e-01 7.499756039684249975e-01 -8.660113202334721594e-01 0.000000000000000000e+00
2.020010000000000083e+00 0.000000000000000000e+00 1.150579966676835014e-01 7.522865300269004907e-01 -8.673445296514160630e-01 0.000000000000000000e+00
2.030009999999999870e+00 0.000000000000000000e+00 1.140865057544705186e-01 7.545779659279016061e-01 -8.686644739436277796e-01 0.000000000000000000e+00
2.040010000000000101e+00 0.000000000000000000e+00 1.131212480920385649e-01 7.568500368863659844e-01 -8.699712852655953066e-01 0.000000000000000000e+00
2.050009999999999888e+00 0.000000000000000000e+00 1.121622308548167191e-01 7.591028622994665520e-01 -8.712650927937167777e-01 0.000000000000000000e+00
2.060010000000000119e+00 0.000000000000000000e+00 1.112094579254040844e-01 7.613365698285611272e-01 -8.725460267200348952e-01 0.000000000000000000e+00
2.070009999999999906e+00 0.000000000000000000e+00 1.102629325467109483e-01 7.635512840653446709e-01 -8.738142150539444097e-01 0.000000000000000000e+00
2.080010000000000137e+00 0.000000000000000000e+00 1.093226566589323157e-01 7.657471295343940554e-01 -8.750697845186736767e-01 0.000000000000000000e+00
2.090009999999999923e+00 0.000000000000000000e+00 1.083886309392982639e-01 7.679242306598385026e-01 -8.763128605388631476e-01 0.000000000000000000e+00
2.100010000000000154e+00 0.000000000000000000e+00 1.074608543611302175e-01 7.700827141488610916e-01 -8.775435678220087077e-01 0.000000000000000000e+00
2.110009999999999941e+00 0.000000000000000000e+00 1.065393250060008012e-01 7.722227050735780418e-01 -8.787620294624212125e-01 0.000000000000000000e+00
2.120010000000000172e+00 0.000000000000000000e+00 1.056240399349963749e-01 7.743443276677398623e-01 -8.799683671592638534e-01 0.000000000000000000e+00
2.130009999999999959e+00 0.000000000000000000e+00 1.047149949227579313e-01 7.764477068214227229e-01 -8.811627015698192400e-01 0.000000000000000000e+00
2.140010000000000190e+00 0.000000000000000000e+00 1.038121846241589624e-01 7.785329673673139217e-01 -8.823451521665270914e-01 0.000000000000000000e+00
2.150009999999999977e+00 0.000000000000000000e+00 1.029156026485349151e-01 7.806002339912613275e-01 -8.835158371982038128e-01 0.000000000000000000e+00
2.160010000000000208e+00 0.000000000000000000e+00 1.020252416120585592e-01 7.826496311590823707e-01 -8.846748736768590415e-01 0.000000000000000000e+00
2.170009999999999994e+00 0.000000000000000000e+00 1.011410929951642584e-01 7.846812834725724883e-01 -8.858223776162631458e-01 0.000000000000000000e+00
2.180009999999999781e+00 0.000000000000000000e+00 1.002631473411429303e-01 7.866953153037402613e-01 -8.869584638251168940e-01 0.000000000000000000e+00
2.190010000000000012e+00 0.000000000000000000e+00 9.939139423196759193e-02 7.886918508818639983e-01 -8.880832459901684128e-01 0.000000000000000000e+00
2.200009999999999799e+00 0.000000000000000000e+00 9.852582232082432445e-02 7.906710142825801313e-01 -8.891968366825955261e-01 0.000000000000000000e+00
2.210010000000000030e+00 0.000000000000000000e+00 9.766641992725404176e-02 7.926329271324106251e-01 -8.902993467243353054e-01 0.000000000000000000e+00
2.220009999999999817e+00 0.000000000000000000e+00 9.681317384060242337e-02 7.945777134997408231e-01 -8.913908866016567734e-01 0.000000000000000000e+00
2.230010000000000048e+00 0.000000000000000000e+00 9.596607023291385541e-02 7.965054963246532838e-01 -8.924715654684329813e-01 0.000000000000000000e+00
2.240009999999999835e+00 0.000000000000000000e+00 9.512509450572048664e-02 7.984163981400360655e-01 -8.935414913522434777e-01 0.000000000000000000e+00
2.250010000000000066e+00 0.000000000000000000e+00 9.429023129234685718e-02 8.003105411332789298e-01 -8.946007712003742895e-01 0.000000000000000000e+00
2.260009999999999852e+00 0.000000000000000000e+00 9.346146436929445023e-02 8.021880477511268426e-01 -8.956495110095785694e-01 0.000000000000000000e+00
2.270010000000000083e+00 0.000000000000000000e+00 9.263877681436637201e-02 8.040490399752876494e-01 -8.966878156903460573e-01 0.000000000000000000e+00
2.280009999999999870e+00 0.000000000000000000e+00 9.182215111401206831e-02 8.058936388675267404e-01 -8.977157890044612509e-01 0.000000000000000000e+00
2.290010000000000101e+00 0.000000000000000000e+00 9.101156901368047392e-02 8.077219654542807659e-01 -8.987335337540387492e-01 0.000000000000000000e+00
2.300009999999999888e+00 0.000000000000000000e+00 9.020701160723351708e-02 8.095341404043441269e-01 -8.997411517144222604e-01 0.000000000000000000e+00
2.310010000000000119e+00 0.000000000000000000e+00 8.940845935008942535e-02 8.113302840572713670e-01 -9.007387436546392401e-01 0.000000000000000000e+00
2.320009999999999906e+00 0.000000000000000000e+00 8.861589208446235544e-02 8.131105165401520951e-01 -9.017264093433856598e-01 0.000000000000000000e+00
2.330010000000000137e+00 0.000000000000000000e+00 8.782928906213510745e-02 8.148749573550474468e-01 -9.027042475768174423e-01 0.000000000000000000e+00
2.340009999999999923e+00 0.000000000000000000e+00 8.704862896062057209e-02 8.166237257217017209e-01 -9.036723561756777601e-01 0.000000000000000000e+00
2.350010000000000154e+00 0.000000000000000000e+00 8.627388990351775311e-02 8.183569404735487884e-01 -9.046308320029334826e-01 0.000000000000000000e+00
2.360009999999999941e+00 0.000000000000000000e+00 8.550504947874359996e-02 8.200747200533087256e-01 -9.055797709699476838e-01 0.000000000000000000e+00
2.370010000000000172e+00 0.000000000000000000e+00 8.474208502201317772e-02 8.217771814376847450e-01 -9.065192677723019621e-01 0.000000000000000000e+00
2.380009999999999959e+00 0.000000000000000000e+00 8.398497312981262342e-02 8.234644421713324114e-01 -9.074494164308550825e-01 0.000000000000000000e+00
2.390010000000000190e+00 0.000000000000000000e+00 8.323368994530178089e-02 8.251366192755962281e-01 -9.083703100271020014e-01 0.000000000000000000e+00
2.400009999999999977e+00 0.000000000000000000e+00 8.248821120215520108e-02 8.267938291340166668e-01 -9.092820406798280963e-01 0.000000000000000000e+00
2.410010000000000208e+00 0.000000000000000000e+00 8.174851220317808087e-02 8.284361876417041248e-01 -9.101846995911178073e-01 0.000000000000000000e+00
2.420009999999999994e+00 0.000000000000000000e+00 8.101456794808507833e-02 8.300638098715019675e-01 -9.110783769404129373e-01 0.000000000000000000e+00
2.430009999999999781e+00 0.000000000000000000e+00 8.028635310504529665e-02 8.316768101956556469e-01 -9.119631619392990496e-01 0.000000000000000000e+00
2.440010000000000012e+00 0.000000000000000000e+00 7.956384176669061004e-02 8.332753030459496557e-01 -9.128391431413596102e-01 0.000000000000000000e+00
2.450009999999999799e+00 0.000000000000000000e+00 7.884700776798657385e-02 8.348594020167109386e-01 -9.137064081033025031e-01 0.000000000000000000e+00
2.460010000000000030e+00 0.000000000000000000e+00 7.813582460867514456e-02 8.364292201274218241e-01 -9.145650435079030194e-01 0.000000000000000000e+00
2.470009999999999817e+00 0.000000000000000000e+00 7.743026544621570140e-02 8.379848699317402616e-01 -9.154151351840441597e-01 0.000000000000000000e+00
2.480010000000000048e+00 0.000000000000000000e+00 7.673030272037088817e-02 8.395264654766338985e-01 -9.162567684749952646e-01 0.000000000000000000e+00
2.490009999999999835e+00 0.000000000000000000e+00 7.603590910989965757e-02 8.410541175439910644e-01 -9.170900273881091858e-01 0.000000000000000000e+00
2.500010000000000066e+00 0.000000000000000000e+00 7.534705679271143375e-02 8.425679374464514204e-01 -9.179149952908371990e-01 0.000000000000000000e+00
2.510009999999999852e+00 0.000000000000000000e+00 7.466371766004471777e-02 8.440680360082000178e-01 -9.187317547337551238e-01 0.000000000000000000e+00
2.520010000000000083e+00 0.000000000000000000e+00 7.398586332828085976e-02 8.455545235659488457e-01 -9.195403874677702261e-01 0.000000000000000000e+00
2.530009999999999870e+00 0.000000000000000000e+00 7.331346550356329650e-02 8.470275083901365187e-01 -9.203409741063002247e-01 0.000000000000000000e+00
2.540010000000000101e+00 0.000000000000000000e+00 7.264649543661003128e-02 8.484870991753289404e-01 -9.211335946800609520e-01 0.000000000000000000e+00
2.550009999999999888e+00 0.000000000000000000e+00 7.198492402769934850e-02 8.499334046215244465e-01 -9.219183285467762445e-01 0.000000000000000000e+00
2.560010000000000119e+00 0.000000000000000000e+00 7.132872208122159607e-02 8.513665323455721357e-01 -9.226952541692063914e-01 0.000000000000000000e+00
2.570009999999999906e+00 0.000000000000000000e+00 7.067786020912260325e-02 8.527865893499715355e-01 -9.234644492329059373e-01 0.000000000000000000e+00
2.580010000000000137e+00 0.000000000000000000e+00 7.003230882937294677e-02 8.541936821552704728e-01 -9.242259906513566881e-01 0.000000000000000000e+00
2.590009999999999923e+00 0.000000000000000000e+00 6.939203816496819499e-02 8.555879169029824149e-01 -9.249799545800493350e-01 0.000000000000000000e+00
2.600010000000000154e+00 0.000000000000000000e+00 6.875701832512444434e-02 8.569693986836063315e-01 -9.257264164052690925e-01 0.000000000000000000e+00
2.610009999999999941e+00 0.000000000000000000e+00 6.812721924798086082e-02 8.583382321680878002e-01 -9.264654507679312978e-01 0.000000000000000000e+00
2.620010000000000172e+00 0.000000000000000000e+00 6.750261073073623996e-02 8.596945214258386869e-01 -9.271971315694250704e-01 0.000000000000000000e+00
2.630009999999999959e+00 0.000000000000000000e+00 6.688316243793056282e-02 8.610383699166839211e-01 -9.279215319773855830e-01 0.000000000000000000e+00
2.640010000000000190e+00 0.000000000000000000e+00 6.626884391140580588e-02 8.623698804914761151e-01 -9.286387244431180132e-01 0.000000000000000000e+00
2.650009999999999977e+00 0.000000000000000000e+00 6.565962454996399078e-02 8.636891557768752170e-01 -9.293487806911608917e-01 0.000000000000000000e+00
2.660010000000000208e+00 0.000000000000000000e+00 6.505547366973772616e-02 8.649962974796275850e-01 -9.300517717446347143e-01 0.000000000000000000e+00
2.670009999999999994e+00 0.000000000000000000e+00 6.445636049293286540e-02 8.662914066475969621e-01 -9.307477679274701599e-01 0.000000000000000000e+00
2.680009999999999781e+00 0.000000000000000000e+00 6.386225414256647970e-02 8.675745838419640643e-01 -9.314368388694693746e-01 0.000000000000000000e+00
2.690010000000000012e+00 0.000000000000000000e+00 6.327312365713404219e-02 8.688459290355257103e-01 -9.321190535193402127e-01 0.000000000000000000e+00
2.700009999999999799e+00 0.000000000000000000e+00 6.268893799824949709e-02 8.701055416190432990e-01 -9.327944801507072059e-01 0.000000000000000000e+00
2.710010000000000030e+00 0.000000000000000000e+00 6.210966611676969895e-02 8.713535201894835325e-01 -9.334631863077467173e-01 0.000000000000000000e+00
2.720009999999999817e+00 0.000000000000000000e+00 6.153527729234403026e-02 8.725899613624172879e-01 -9.341252384892387850e-01 0.000000000000000000e+00
2.730010000000000048e+00 0.000000000000000000e+00 6.096574014023270482e-02 8.738149633443033082e-01 -9.347807031474640871e-01 0.000000000000000000e+00
2.740009999999999835e+00 0.000000000000000000e+00 6.040102348778616376e-02 8.750286228317695203e-01 -9.354296458304443007e-01 0.000000000000000000e+00
2.750010000000000066e+00 0.000000000000000000e+00 5.984109613398480576e-02 8.762310358857929860e-01 -9.360721314342221877e-01 0.000000000000000000e+00
2.760009999999999852e+00 0.000000000000000000e+00 5.928592685606979412e-02 8.774222979368031528e-01 -9.367082242091270272e-01 0.000000000000000000e+00
2.770010000000000083e+00 0.000000000000000000e+00 5.873548441561252803e-02 8.786025037863189890e-01 -9.373379877680685368e-01 0.000000000000000000e+00
2.780009999999999870e+00 0.000000000000000000e+00 5.818973759136656515e-02 8.797717477317212875e-01 -9.379614850449121688e-01 0.000000000000000000e+00
2.790010000000000101e+00 0.000000000000000000e+00 5.764865515088355569e-02 8.809301234008073411e-01 -9.385787783643090298e-01 0.000000000000000000e+00
2.800009999999999888e+00 0.000000000000000000e+00 5.711220583996007294e-02 8.820777236742148864e-01 -9.391899294798249365e-01 0.000000000000000000e+00
2.810010000000000119e+00 0.000000000000000000e+00 5.658035842873035404e-02 8.832146408840889640e-01 -9.397949995051807504e-01 0.000000000000000000e+00
2.820009999999999906e+00 0.000000000000000000e+00 5.605308170145185953e-02 8.843409667438617561e-01 -9.403940489426864113e-01 0.000000000000000000e+00
2.830010000000000137e+00 0.000000000000000000e+00 5.553034446141681679e-02 8.854567923447991262e-01 -9.409871377077840826e-01 0.000000000000000000e+00
2.840009999999999923e+00 0.000000000000000000e+00 5.501211553656152470e-02 8.865622081678194988e-01 -9.415743251096189148e-01 0.000000000000000000e+00
2.850010000000000154e+00 0.000000000000000000e+00 5.449836374632574532e-02 8.876573044036624172e-01 -9.421556698940117824e-01 0.000000000000000000e+00
2.860009999999999941e+00 0.000000000000000000e+00 5.398905799252150250e-02 8.887421701959561382e-01 -9.427312302055224080e-01 0.000000000000000000e+00
2.870010000000000172e+00 0.000000000000000000e+00 5.348416719487972953e-02 8.898168942457315156e-01 -9.433010636293888140e-01 0.000000000000000000e+00
2.880009999999999959e+00 0.000000000000000000e+00 5.298366031251188629e-02 8.908815646698650115e-01 -9.438652271776231117e-01 0.000000000000000000e+00
2.890010000000000190e+00 0.000000000000000000e+00 5.248750634801556403e-02 8.919362689876469963e-01 -9.444237773143373538e-01 0.000000000000000000e+00
2.900009999999999977e+00 0.000000000000000000e+00 5.199567435058226328e-02 8.929810941358398146e-01 -9.449767699455779990e-01 0.000000000000000000e+00
2.910010000000000208e+00 0.000000000000000000e+00 5.150813360535311941e-02 8.940161258240071351e-01 -9.455242602526396922e-01 0.000000000000000000e+00
2.920009999999999994e+00 0.000000000000000000e+00 5.102485358319986536e-02 8.950414487222372317e-01 -9.460663027645629386e-01 0.000000000000000000e+00
2.930009999999999781e+00 0.000000000000000000e+00 5.054580338549757856e-02 8.960571484038033496e-01 -9.466029518746992277e-01 0.000000000000000000e+00
2.940010000000000012e+00 0.000000000000000000e+00 5.007095239367652384e-02 8.970633091035165041e-01 -9.471342612488070634e-01 0.000000000000000000e+00
2.950009999999999799e+00 0.000000000000000000e+00 4.960027006781965453e-02 8.980600144348185321e-01 -9.476602840133617756e-01 0.000000000000000000e+00
2.960010000000000030e+00 0.000000000000000000e+00 4.913372594985106201e-02 8.990473473822230277e-01 -9.481810727759258928e-01 0.000000000000000000e+00
2.970009999999999817e+00 0.000000000000000000e+00 4.867128966702612830e-02 9.000253903166707259e-01 -9.486966796123030843e-01 0.000000000000000000e+00
2.980010000000000048e+00 0.000000000000000000e+00 4.821293094945739571e-02 9.009942253774944065e-01 -9.492071560210481040e-01 0.000000000000000000e+00
2.990009999999999835e+00 0.000000000000000000e+00 4.775861960347406454e-02 9.019539336762216752e-01 -9.497125530543042427e-01 0.000000000000000000e+00
3.000010000000000066e+00 0.000000000000000000e+00 4.730832553093503728e-02 9.029045957560689617e-01 -9.502129212549960124e-01 0.000000000000000000e+00
3.000010000000000066e+00 6.651502000233999734e-01 -1.568057931840211916e+00 9.029077318187122003e-01 1.900257728948417935e-12 0.000000000000000000e+00
3.010009999999999852e+00 6.536562546604999246e-01 -1.525628702128010605e+00 8.719724474628417488e-01 -4.668931907758633315e-12 0.000000000000000000e+00
3.020010000000000083e+00 6.422766811299999157e-01 -1.484152875259321824e+00 8.418761941293217976e-01 -1.110223024625156540e-16 0.000000000000000000e+00
3.030009999999999870e+00 6.310103418192000158e-01 -1.443610446889711074e+00 8.126001050669053871e-01 -3.605671317075120896e-12 0.000000000000000000e+00
3.040010000000000101e+00 6.198561037619999547e-01 -1.403981796355892486e+00 7.841256925938924205e-01 -1.110223024625156540e-16 0.000000000000000000e+00
3.050009999999999888e+00 6.088128517897999359e-01 -1.365247726285155672e+00 7.564348744988346196e-01 3.478883847662928019e-12 0.000000000000000000e+00
3.060010000000000119e+00 5.978794818457999760e-01 -1.327389430438714601e+00 7.295099485963312258e-01 3.416600335981456737e-12 0.000000000000000000e+00
3.070009999999999906e+00 5.870549002751999090e-01 -1.290388483823707633e+00 7.033335835451530738e-01 -3.354649891207373003e-12 0.000000000000000000e+00
3.080010000000000137e+00 5.763380247099999520e-01 -1.254226838437805247e+00 6.778888137278051840e-01 -1.110223024625156540e-16 0.000000000000000000e+00
3.090009999999999923e+00 5.657277838568999240e-01 -1.218886815344302876e+00 6.531590314849782253e-01 -2.424727085781341884e-12 0.000000000000000000e+00
3.100010000000000154e+00 5.552231166404999474e-01 -1.184351094709752195e+00 6.291279780652863085e-01 -3.965938688565984194e-12 0.000000000000000000e+00
3.110009999999999941e+00 5.448229726540999573e-01 -1.150602710471459345e+00 6.057797378196941862e-01 2.334799020786704205e-12 0.000000000000000000e+00
3.120010000000000172e+00 5.345263119349998870e-01 -1.117625042855067141e+00 5.830987309200671431e-01 -1.110223024625156540e-16 0.000000000000000000e+00
3.130009999999999959e+00 5.243321046137999764e-01 -1.085401810587817817e+00 5.610697059770139994e-01 2.996158876555909956e-12 0.000000000000000000e+00
3.140010000000000190e+00 5.142393312881999856e-01 -1.053917065666108099e+00 5.396777343749696865e-01 -2.938427279275401816e-12 0.000000000000000000e+00
3.150009999999999977e+00 5.042469825903999059e-01 -1.023155185551251511e+00 5.189082029622921199e-01 1.440514374451140611e-12 0.000000000000000000e+00
3.160010000000000208e+00 4.943540595468999266e-01 -9.931008681010592420e-01 4.987468085520406769e-01 -2.118638597892186226e-12 0.000000000000000000e+00
3.170009999999999994e+00 4.845595724843999585e-01 -9.637391220468206621e-01 4.791795495638050961e-01 1.384392600556338948e-12 0.000000000000000000e+00
3.180009999999999781e+00 4.748625423499999165e-01 -9.350552650583786596e-01 4.601927227083786320e-01 -1.110223024625156540e-16 0.000000000000000000e+00
3.190010000000000012e+00 4.652619991032999058e-01 -9.070349130011057248e-01 4.417729138971410174e-01 -6.648015471455437364e-13 0.000000000000000000e+00
3.200009999999999799e+00 4.557569829854999921e-01 -8.796639779684397586e-01 4.239069949796844261e-01 -3.255340441654652750e-12 0.000000000000000000e+00
3.210010000000000030e+00 4.463465432916000064e-01 -8.529286590242226573e-01 4.065821157313472822e-01 -1.275368699538148576e-12 0.000000000000000000e+00
3.220009999999999817e+00 4.370297390843999596e-01 -8.268154387651487358e-01 3.897856996819973885e-01 1.248612324644682303e-12 0.000000000000000000e+00
3.230010000000000048e+00 4.278056386365999830e-01 -8.013110762893921324e-01 3.735054376515697938e-01 -1.222355550112297351e-12 0.000000000000000000e+00
3.240009999999999835e+00 4.186733195035999833e-01 -7.764026020847217824e-01 3.577292825799255893e-01 -1.196209797882374914e-12 0.000000000000000000e+00
3.250010000000000066e+00 4.096318686257000019e-01 -7.520773131022224778e-01 3.424454444771076744e-01 5.851985562799200125e-13 0.000000000000000000e+00
3.260009999999999852e+00 4.006803817302999615e-01 -7.283227660238089651e-01 3.276423842929365726e-01 -5.724309914967307122e-13 0.000000000000000000e+00
3.270010000000000083e+00 3.918179637805999649e-01 -7.051267734575880075e-01 3.133088096758684937e-01 -1.119548898032007855e-12 0.000000000000000000e+00
3.280009999999999870e+00 3.830437284127999886e-01 -6.824773975460782793e-01 2.994336691354670954e-01 2.188804693048496119e-12 0.000000000000000000e+00
3.290010000000000101e+00 3.743567981642999531e-01 -6.603629457808071201e-01 2.860061476159723171e-01 -5.348499421131691633e-13 0.000000000000000000e+00
3.300009999999999888e+00 3.657563043798999769e-01 -6.387719660011451639e-01 2.730156616196777186e-01 -1.567468377317027262e-12 0.000000000000000000e+00
3.310010000000000119e+00 3.572413869436999456e-01 -6.176932411175944937e-01 2.604518541744048621e-01 5.103140132689532038e-13 0.000000000000000000e+00
3.320009999999999906e+00 3.488111943406999593e-01 -5.971157847430295096e-01 2.483045904028277351e-01 4.981848267249233686e-13 0.000000000000000000e+00
3.330010000000000137e+00 3.404648835231000037e-01 -5.770288364040858653e-01 2.365639528824450000e-01 1.459138365689227612e-12 0.000000000000000000e+00
3.340009999999999923e+00 3.322016198591999925e-01 -5.574218570796216632e-01 2.252202372185233004e-01 -1.898370349806555168e-12 0.000000000000000000e+00
3.350010000000000154e+00 3.240205770220999648e-01 -5.382845246405779660e-01 2.142639476198666126e-01 1.388611448049914543e-12 0.000000000000000000e+00
3.360009999999999941e+00 3.159209369273999757e-01 -5.196067295572855960e-01 2.036857926307882594e-01 9.026390745958678963e-13 0.000000000000000000e+00
3.370010000000000172e+00 3.079018896421999996e-01 -5.013785705526073722e-01 1.934766809086479744e-01 -1.759398182699101199e-12 0.000000000000000000e+00
3.380009999999999959e+00 2.999626331939999613e-01 -4.835903501586493736e-01 1.836277169646493568e-01 -5.551115123125782702e-17 0.000000000000000000e+00
3.390010000000000190e+00 2.921023736749999711e-01 -4.662325710353455999e-01 1.741301973603456010e-01 -2.775557561562891351e-17 0.000000000000000000e+00
3.400009999999999977e+00 2.843203250383999903e-01 -4.492959316293048677e-01 1.649756065917171999e-01 8.123224315426114117e-13 0.000000000000000000e+00
3.410010000000000208e+00 2.766157090347000080e-01 -4.327713222685289907e-01 1.561556132342241388e-01 3.951561300397088417e-13 0.000000000000000000e+00
3.420009999999999994e+00 2.689877553033999669e-01 -4.166498216356147033e-01 1.476620663329832606e-01 7.685241332211489862e-13 0.000000000000000000e+00
3.430009999999999781e+00 2.614357010601000009e-01 -4.009226924646652201e-01 1.394869914056856564e-01 1.120437076451707981e-12 0.000000000000000000e+00
3.440010000000000012e+00 2.539587910411999494e-01 -3.855813778734836217e-01 1.316225868308323887e-01 -1.451283537790004630e-12 0.000000000000000000e+00
3.450009999999999799e+00 2.465562775185999866e-01 -3.706174978944654641e-01 1.240612203751610132e-01 -7.044642647002774538e-13 0.000000000000000000e+00
3.460010000000000030e+00 2.392274202702999730e-01 -3.560228460036677922e-01 1.167954257330259954e-01 -3.418237914942778843e-13 0.000000000000000000e+00
3.470009999999999817e+00 2.319714864578999725e-01 -3.417893854986649438e-01 1.098178990397707666e-01 -9.942047185518276819e-13 0.000000000000000000e+00
3.480010000000000048e+00 2.247877503948999822e-01 -3.279092457583120401e-01 1.031214953624487174e-01 -9.633405184672483301e-13 0.000000000000000000e+00
3.490009999999999835e+00 2.176754936446999855e-01 -3.143747192228866782e-01 9.669922557849761069e-02 3.109179580462750891e-13 0.000000000000000000e+00
3.500010000000000066e+00 2.106340049694999939e-01 -3.011782581302226980e-01 9.054425316222723674e-02 1.504532609608588700e-12 0.000000000000000000e+00
3.510009999999999852e+00 2.036625804066000134e-01 -2.883124715451200748e-01 8.464989113852003366e-02 -2.775557561562891351e-17 0.000000000000000000e+00
3.520010000000000083e+00 1.967605226629000059e-01 -2.757701211906093963e-01 7.900959852770936265e-02 -2.775557561562891351e-17 0.000000000000000000e+00
3.530009999999999870e+00 1.899271414851999851e-01 -2.635441191846676912e-01 7.361697769946770609e-02 0.000000000000000000e+00 0.000000000000000000e+00
3.540010000000000101e+00 1.831617534795999813e-01 -2.516275247810729754e-01 6.846577130147298018e-02 -1.387778780781445676e-17 0.000000000000000000e+00
3.550009999999999888e+00 1.764636823257000053e-01 -2.400135418766093376e-01 6.354985955090931837e-02 -1.387778780781445676e-17 0.000000000000000000e+00
3.560010000000000119e+00 1.698322580807999915e-01 -2.286955149886029659e-01 5.886325690780296743e-02 -6.938893903907228378e-18 0.000000000000000000e+00
3.570009999999999906e+00 1.632668175732999993e-01 -2.176669272070004546e-01 5.440010963370045527e-02 0.000000000000000000e+00 0.000000000000000000e+00
3.580010000000000137e+00 1.567667042115999942e-01 -2.069213971694924270e-01 5.015469295789241194e-02 -2.081668171172168513e-17 0.000000000000000000e+00
3.590009999999999923e+00 1.503312681226999792e-01 -1.964526766438818572e-01 4.612140852118186418e-02 -1.387778780781445676e-17 0.000000000000000000e+00
3.600010000000000154e+00 1.439598657153999817e-01 -1.862546472190652891e-01 4.229478150366530048e-02 -6.938893903907228378e-18 0.000000000000000000e+00
3.610009999999999941e+00 1.376518598027999807e-01 -1.763213179806973618e-01 3.866945817789735340e-02 -2.775557561562891351e-17 0.000000000000000000e+00
3.620010000000000172e+00 1.314066195421000061e-01 -1.666468229287983993e-01 3.524020338669840713e-02 1.387778780781445676e-17 0.000000000000000000e+00
3.630009999999999959e+00 1.252235204849999894e-01 -1.572254186128718700e-01 3.200189812787186672e-02 -1.387778780781445676e-17 0.000000000000000000e+00
3.640010000000000190e+00 1.191019443515999865e-01 -1.480514813890114745e-01 2.894953703741147064e-02 -1.734723475976807094e-17 0.000000000000000000e+00
3.650009999999999977e+00 1.130412789092999915e-01 -1.391195049040962195e-01 2.607822599479623152e-02 3.469446951953614189e-18 0.000000000000000000e+00
3.660010000000000208e+00 1.070409180476999955e-01 -1.304240979180967819e-01 2.338317987039679330e-02 6.938893903907228378e-18 0.000000000000000000e+00
3.670009999999999994e+00 1.011002617547999971e-01 -1.219599820137573093e-01 2.085972025895729831e-02 -1.387778780781445676e-17 0.000000000000000000e+00
3.680009999999999781e+00 9.521871606869999893e-02 -1.137219893131320575e-01 1.850327324443205856e-02 0.000000000000000000e+00 0.000000000000000000e+00
3.690010000000000012e+00 8.939569273389999515e-02 -1.057050598346629816e-01 1.630936710076298299e-02 -3.469446951953614189e-18 0.000000000000000000e+00
3.700009999999999799e+00 8.363060940710000113e-02 -9.790423967200392874e-02 1.427363026490392588e-02 -1.734723475976807094e-18 0.000000000000000000e+00
3.710010000000000030e+00 7.792288955710000020e-02 -9.031467877532041444e-02 1.239178921822041771e-02 3.469446951953614189e-18 0.000000000000000000e+00
3.720009999999999817e+00 7.227196257049998962e-02 -8.293162904762603482e-02 1.065966647712602612e-02 -1.908195823574487804e-17 0.000000000000000000e+00
3.730010000000000048e+00 6.667726324125999859e-02 -7.575044167667555062e-02 9.073178435396494351e-03 -1.905767210708120274e-14 0.000000000000000000e+00
3.740009999999999835e+00 6.113823206756999196e-02 -6.876656557847564410e-02 7.628333510914376940e-03 8.724791722425351281e-15 0.000000000000000000e+00
3.750010000000000066e+00 5.565431509462999415e-02 -6.197554527556112941e-02 6.321230180923185019e-03 -7.950237690401706914e-15 0.000000000000000000e+00
3.760009999999999852e+00 5.022496410483999474e-02 -5.537301924632047345e-02 5.148055141494829214e-03 1.435049995501813669e-14 0.000000000000000000e+00
3.770010000000000083e+00 4.484963606074000159e-02 -4.895471739701459657e-02 4.105081336287408518e-03 1.281353495530268560e-14 0.000000000000000000e+00
3.780009999999999870e+00 3.952779340131999664e-02 -4.271645962823530929e-02 3.188666226892728287e-03 -2.258436493374205156e-14 0.000000000000000000e+00
3.790010000000000101e+00 3.425890389998999946e-02 -3.665415389271641650e-02 2.395249992711735200e-03 -1.468183213892970684e-14 0.000000000000000000e+00
3.800009999999999888e+00 2.904244076649999465e-02 -3.076379457400135048e-02 1.721353807501348893e-03 -6.938893903907228378e-18 0.000000000000000000e+00
3.810010000000000119e+00 2.387788234194999915e-02 -2.504146043404724756e-02 1.163578092114301394e-03 1.705298229015550504e-14 0.000000000000000000e+00
3.820009999999999906e+00 1.876471211797000119e-02 -1.948331297688628283e-02 7.186008589189596223e-04 2.677979366039195952e-15 0.000000000000000000e+00
3.830010000000000137e+00 1.370241874021999907e-02 -1.408559482049789695e-02 3.831760802700658682e-04 -7.832005443492162655e-15 0.000000000000000000e+00
3.840009999999999923e+00 8.690496024909998354e-03 -8.844628108904186228e-03 1.541320839979112140e-04 3.723339995695407190e-15 0.000000000000000000e+00
3.850010000000000154e+00 3.728442831497999575e-03 -3.756812802819190899e-03 2.836997132193637449e-05 7.450501804048825782e-16 0.000000000000000000e+00
3.857590264290000182e+00 0.000000000000000000e+00 0.000000000000000000e+00 0.000000000000000000e+00 0.000000000000000000e+00 0.000000000000000000e+00
3.867590264289999968e+00 -5.086419088510151729e-85 1.644088182264414142e-203 5.086419088510151729e-85 0.000000000000000000e+00 0.000000000000000000e+00
3.877590264290000199e+00 -5.086419088510151729e-85 -1.227549037747725872e-218 5.086419088510151729e-85 0.000000000000000000e+00 0.000000000000000000e+00
3.887590264289999986e+00 -5.086419088510151729e-85 5.657175124105052575e-219 5.086419088510151729e-85 0.000000000000000000e+00 0.000000000000000000e+00
3.897590264290000217e+00 -5.086419088510151729e-85 7.301218217837836148e-219 5.086419088510151729e-85 0.000000000000000000e+00 0.000000000000000000e+00
3.907590264290000004e+00 -5.086419088510151729e-85 4.312440634265351104e-219 5.086419088510151729e-85 0.000000000000000000e+00 0.000000000000000000e+00
3.917590264289999791e+00 -5.086419088510151729e-85 1.323663050669834707e-219 5.086419088510151729e-85 0.000000000000000000e+00 0.000000000000000000e+00
3.927590264290000022e+00 -5.086419088510151729e-85 -7.442338635515496054e-234 5.086419088510151729e-85 0.000000000000000000e+00 0.000000000000000000e+00
3.937590264289999809e+00 -5.086419088510151729e-85 -5.451412822236603531e-234 5.086419088510151729e-85 0.000000000000000000e+00 0.000000000000000000e+00
3.947590264290000039e+00 -5.086419088510151729e-85 -3.460487008971529974e-234 5.086419088510151729e-85 0.000000000000000000e+00 0.000000000000000000e+00
3.957590264289999826e+00 -5.086419088510151729e-85 -1.469561195697244332e-234 5.086419088510151729e-85 0.000000000000000000e+00 0.000000000000000000e+00
3.967590264290000057e+00 -5.086419088510151729e-85 5.213646175770414494e-235 5.086419088510151729e-85 0.000000000000000000e+00 0.000000000000000000e+00
3.977590264289999844e+00 -5.086419088510151729e-85 2.512290430851327510e-234 5.086419088510151729e-85 0.000000000000000000e+00 0.000000000000000000e+00
3.987590264290000075e+00 -5.086419088510151729e-85 4.237855135951031938e-234 5.086419088510151729e-85 0.000000000000000000e+00 0.000000000000000000e+00
3.997590264289999862e+00 -5.086419088510151729e-85 3.906034167068146009e-234 5.086419088510151729e-85 0.000000000000000000e+00 0.000000000000000000e+00
4.007590264290000093e+00 -5.086419088510151729e-85 3.574213198189865843e-234 5.086419088510151729e-85 0.000000000000000000e+00 0.000000000000000000e+00
4.017590264289999880e+00 -5.086419088510151729e-85 3.242392229311586235e-234 5.086419088510151729e-85 0.000000000000000000e+00 0.000000000000000000e+00
4.027590264289999666e+00 -5.086419088510151729e-85 2.910571260433306069e-234 5.086419088510151729e-85 0.000000000000000000e+00 0.000000000000000000e+00
4.037590264290000341e+00 -5.086419088510151729e-85 2.578750291555026462e-234 5.086419088510151729e-85 0.000000000000000000e+00 0.000000000000000000e+00
4.047590264290000128e+00 -5.086419088510151729e-85 2.246929322676746017e-234 5.086419088510151729e-85 0.000000000000000000e+00 0.000000000000000000e+00
4.057590264289999915e+00 -5.086419088510151729e-85 1.915108353793859808e-234 5.086419088510151729e-85 0.000000000000000000e+00 0.000000000000000000e+00
4.067590264289999702e+00 -5.086419088510151729e-85 1.583287384915579922e-234 5.086419088510151729e-85 0.000000000000000000e+00 0.000000000000000000e+00
4.077590264290000377e+00 -5.086419088510151729e-85 1.251466416037300175e-234 5.086419088510151729e-85 0.000000000000000000e+00 0.000000000000000000e+00
4.087590264290000164e+00 -5.086419088510151729e-85 9.196454471590201482e-235 5.086419088510151729e-85 0.000000000000000000e+00 0.000000000000000000e+00
4.097590264289999951e+00 -5.086419088510151729e-85 5.878244782807402615e-235 5.086419088510151729e-85 0.000000000000000000e+00 0.000000000000000000e+00
4.107590264289999737e+00 -5.086419088510151729e-85 2.560035093996965818e-235 5.086419088510151729e-85 0.000000000000000000e+00 0.000000000000000000e+00
4.117590264290000412e+00 -5.086419088510151729e-85 -3.747136619730011124e-249 5.086419088510151729e-85 0.000000000000000000e+00 0.000000000000000000e+00
4.127590264290000199e+00 -5.086419088510151729e-85 -3.526099451909109800e-249 5.086419088510151729e-85 0.000000000000000000e+00 0.000000000000000000e+00
4.137590264289999986e+00 -5.086419088510151729e-85 -3.305062284083602176e-249 5.086419088510151729e-85 0.000000000000000000e+00 0.000000000000000000e+00
4.147590264289999773e+00 -5.086419088510151729e-85 -3.084025116262700851e-249 5.086419088510151729e-85 0.000000000000000000e+00 0.000000000000000000e+00
4.157590264289999560e+00 -5.086419088510151729e-85 -2.862987948441799526e-249 5.086419088510151729e-85 0.000000000000000000e+00 0.000000000000000000e+00
4.167590264290000235e+00 -5.086419088510151729e-85 -2.641950780620898697e-249 5.086419088510151729e-85 0.000000000000000000e+00 0.000000000000000000e+00
4.177590264290000022e+00 -5.086419088510151729e-85 -2.420913612799997373e-249 5.086419088510151729e-85 0.000000000000000000e+00 0.000000000000000000e+00
4.187590264289999809e+00 -5.086419088510151729e-85 -2.199876444974489748e-249 5.086419088510151729e-85 0.000000000000000000e+00 0.000000000000000000e+00
4.197590264289999595e+00 -5.086419088510151729e-85 -1.978839277153588672e-249 5.086419088510151729e-85 0.000000000000000000e+00 0.000000000000000000e+00
4.207590264290000270e+00 -5.086419088510151729e-85 -1.757802109332687347e-249 5.086419088510151729e-85 0.000000000000000000e+00 0.000000000000000000e+00
4.217590264290000057e+00 -5.086419088510151729e-85 -1.536764941511786022e-249 5.086419088510151729e-85 0.000000000000000000e+00 0.000000000000000000e+00
4.227590264289999844e+00 -5.086419088510151729e-85 -1.315727773690884946e-249 5.086419088510151729e-85 0.000000000000000000e+00 0.000000000000000000e+00
4.237590264289999631e+00 -5.086419088510151729e-85 -1.094690605865377445e-249 5.086419088510151729e-85 0.000000000000000000e+00 0.000000000000000000e+00
4.247590264290000306e+00 -5.086419088510151729e-85 -8.736534380444761207e-250 5.086419088510151729e-85 0.000000000000000000e+00 0.000000000000000000e+00
4.257590264290000093e+00 -5.086419088510151729e-85 -6.526162702235749199e-250 5.086419088510151729e-85 0.000000000000000000e+00 0.000000000000000000e+00
4.267590264289999880e+00 -5.086419088510151729e-85 -4.315791024012917798e-250 5.086419088510151729e-85 0.000000000000000000e+00 0.000000000000000000e+00
4.277590264289999666e+00 -5.086419088510151729e-85 -2.105419345794692758e-250 5.086419088510151729e-85 0.000000000000000000e+00 0.000000000000000000e+00
4.287590264290000341e+00 -5.086419088510151729e-85 1.049523324216898970e-251 5.086419088510151729e-85 0.000000000000000000e+00 0.000000000000000000e+00
4.297590264290000128e+00 -5.086419088510151729e-85 2.315324010641757323e-250 5.086419088510151729e-85 0.000000000000000000e+00 0.000000000000000000e+00
4.307590264289999915e+00 -5.086419088510151729e-85 4.525695688859982363e-250 5.086419088510151729e-85 0.000000000000000000e+00 0.000000000000000000e+00
4.317590264289999702e+00 -5.086419088510151729e-85 6.736067367064388319e-250 5.086419088510151729e-85 0.000000000000000000e+00 0.000000000000000000e+00
4.327590264290000377e+00 -5.086419088510151729e-85 8.946439045273400326e-250 5.086419088510151729e-85 0.000000000000000000e+00 0.000000000000000000e+00
4.337590264290000164e+00 -5.086419088510151729e-85 1.115681072352847657e-249 5.086419088510151729e-85 0.000000000000000000e+00 0.000000000000000000e+00
4.347590264289999951e+00 -5.086419088510151729e-85 1.336718240173748858e-249 5.086419088510151729e-85 0.000000000000000000e+00 0.000000000000000000e+00
4.357590264289999737e+00 -5.086419088510151729e-85 1.557755407994650182e-249 5.086419088510151729e-85 0.000000000000000000e+00 0.000000000000000000e+00
4.367590264290000412e+00 -5.086419088510151729e-85 1.778792575815551259e-249 5.086419088510151729e-85 0.000000000000000000e+00 0.000000000000000000e+00
4.377590264290000199e+00 -5.086419088510151729e-85 1.881985738784330294e-249 5.086419088510151729e-85 0.000000000000000000e+00 0.000000000000000000e+00
4.387590264289999986e+00 -5.086419088510151729e-85 1.845146210811877089e-249 5.086419088510151729e-85 0.000000000000000000e+00 0.000000000000000000e+00
4.397590264289999773e+00 -5.086419088510151729e-85 1.808306682844029935e-249 5.086419088510151729e-85 0.000000000000000000e+00 0.000000000000000000e+00
4.407590264289999560e+00 -5.086419088510151729e-85 1.771467154871576482e-249 5.086419088510151729e-85 0.000000000000000000e+00 0.000000000000000000e+00
4.417590264290000235e+00 -5.086419088510151729e-85 1.734627626903729576e-249 5.086419088510151729e-85 0.000000000000000000e+00 0.000000000000000000e+00
4.427590264290000022e+00 -5.086419088510151729e-85 1.697788098931276123e-249 5.086419088510151729e-85 0.000000000000000000e+00 0.000000000000000000e+00
4.437590264289999809e+00 -5.086419088510151729e-85 1.660948570958822918e-249 5.086419088510151729e-85 0.000000000000000000e+00 0.000000000000000000e+00
4.447590264289999595e+00 -5.086419088510151729e-85 1.624109042990975764e-249 5.086419088510151729e-85 0.000000000000000000e+00 0.000000000000000000e+00
4.457590264290000270e+00 -5.086419088510151729e-85 1.587269515018522311e-249 5.086419088510151729e-85 0.000000000000000000e+00 0.000000000000000000e+00
4.467590264290000057e+00 -5.086419088510151729e-85 1.550429987050675157e-249 5.086419088510151729e-85 0.000000000000000000e+00 0.000000000000000000e+00
4.477590264289999844e+00 -5.086419088510151729e-85 1.513590459078222200e-249 5.086419088510151729e-85 0.000000000000000000e+00 0.000000000000000000e+00
4.487590264289999631e+00 -5.086419088510151729e-85 1.476750931110374798e-249 5.086419088510151729e-85 0.000000000000000000e+00 0.000000000000000000e+00
4.497590264290000306e+00 -5.086419088510151729e-85 1.439911403137921593e-249 5.086419088510151729e-85 0.000000000000000000e+00 0.000000000000000000e+00
4.507590264290000093e+00 -5.086419088510151729e-85 1.403071875170074688e-249 5.086419088510151729e-85 0.000000000000000000e+00 0.000000000000000000e+00
4.517590264289999880e+00 -5.086419088510151729e-85 1.366232347197621234e-249 5.086419088510151729e-85 0.000000000000000000e+00 0.000000000000000000e+00
4.527590264289999666e+00 -5.086419088510151729e-85 1.329392819229774081e-249 5.086419088510151729e-85 0.000000000000000000e+00 0.000000000000000000e+00
4.537590264290000341e+00 -5.086419088510151729e-85 1.292553291257320876e-249 5.086419088510151729e-85 0.000000000000000000e+00 0.000000000000000000e+00
4.547590264290000128e+00 -5.086419088510151729e-85 1.255713763289473722e-249 5.086419088510151729e-85 0.000000000000000000e+00 0.000000000000000000e+00
4.557590264289999915e+00 -5.086419088510151729e-85 1.218874235317020269e-249 5.086419088510151729e-85 0.000000000000000000e+00 0.000000000000000000e+00
4.567590264289999702e+00 -5.086419088510151729e-85 1.182034707349173115e-249 5.086419088510151729e-85 0.000000000000000000e+00 0.000000000000000000e+00
4.577590264290000377e+00 -5.086419088510151729e-85 1.145195179376719910e-249 5.086419088510151729e-85 0.000000000000000000e+00 0.000000000000000000e+00
4.587590264290000164e+00 -5.086419088510151729e-85 1.108355651404266581e-249 5.086419088510151729e-85 0.000000000000000000e+00 0.000000000000000000e+00
4.597590264289999951e+00 -5.086419088510151729e-85 1.071516123436419551e-249 5.086419088510151729e-85 0.000000000000000000e+00 0.000000000000000000e+00
4.607590264289999737e+00 -5.086419088510151729e-85 1.034676595463966222e-249 5.086419088510151729e-85 0.000000000000000000e+00 0.000000000000000000e+00
4.617590264290000412e+00 -5.086419088510151729e-85 9.978370674961190678e-250 5.086419088510151729e-85 0.000000000000000000e+00 0.000000000000000000e+00
4.627590264290000199e+00 -5.086419088510151729e-85 9.609975395236658627e-250 5.086419088510151729e-85 0.000000000000000000e+00 0.000000000000000000e+00
4.637590264289999986e+00 -5.086419088510151729e-85 9.241580115558187089e-250 5.086419088510151729e-85 0.000000000000000000e+00 0.000000000000000000e+00
4.647590264289999773e+00 -5.086419088510151729e-85 8.873184835833653798e-250 5.086419088510151729e-85 0.000000000000000000e+00 0.000000000000000000e+00
4.657590264289999560e+00 -5.086419088510151729e-85 8.504789556155182259e-250 5.086419088510151729e-85 0.000000000000000000e+00 0.000000000000000000e+00
4.667590264290000235e+00 -5.086419088510151729e-85 8.136394276430650209e-250 5.086419088510151729e-85 0.000000000000000000e+00 0.000000000000000000e+00
4.677590264290000022e+00 -5.086419088510151729e-85 7.767998996752178671e-250 5.086419088510151729e-85 0.000000000000000000e+00 0.000000000000000000e+00
4.687590264289999809e+00 -5.086419088510151729e-85 7.399603717027645379e-250 5.086419088510151729e-85 0.000000000000000000e+00 0.000000000000000000e+00
4.697590264289999595e+00 -5.086419088510151729e-85 7.031208437349173841e-250 5.086419088510151729e-85 0.000000000000000000e+00 0.000000000000000000e+00
4.707590264290000270e+00 -5.086419088510151729e-85 6.662813157624640550e-250 5.086419088510151729e-85 0.000000000000000000e+00 0.000000000000000000e+00
4.717590264290000057e+00 -5.086419088510151729e-85 6.294417877946170252e-250 5.086419088510151729e-85 0.000000000000000000e+00 0.000000000000000000e+00
4.727590264289999844e+00 -5.086419088510151729e-85 5.926022598221636961e-250 5.086419088510151729e-85 0.000000000000000000e+00 0.000000000000000000e+00
4.737590264289999631e+00 -5.086419088510151729e-85 5.557627318497103670e-250 5.086419088510151729e-85 0.000000000000000000e+00 0.000000000000000000e+00
4.747590264290000306e+00 -5.086419088510151729e-85 5.189232038818632752e-250 5.086419088510151729e-85 0.000000000000000000e+00 0.000000000000000000e+00
4.757590264290000093e+00 -5.086419088510151729e-85 4.820836759094100081e-250 5.086419088510151729e-85 0.000000000000000000e+00 0.000000000000000000e+00
4.767590264289999880e+00 -5.086419088510151729e-85 4.452441479406415820e-250 5.086419088510151729e-85 0.000000000000000000e+00 0.000000000000000000e+00
4.777590264289999666e+00 -5.086419088510151729e-85 4.084046199704914025e-250 5.086419088510151729e-85 0.000000000000000000e+00 0.000000000000000000e+00
4.787590264290000341e+00 -5.086419088510151729e-85 3.715650920003412231e-250 5.086419088510151729e-85 0.000000000000000000e+00 0.000000000000000000e+00
4.797590264290000128e+00 -5.086419088510151729e-85 3.347255640297303765e-250 5.086419088510151729e-85 0.000000000000000000e+00 0.000000000000000000e+00
4.807590264289999915e+00 -5.086419088510151729e-85 2.978860360595801970e-250 5.086419088510151729e-85 0.000000000000000000e+00 0.000000000000000000e+00
4.817590264289999702e+00 -5.086419088510151729e-85 2.610465080894299556e-250 5.086419088510151729e-85 0.000000000000000000e+00 0.000000000000000000e+00
4.827590264290000377e+00 -5.086419088510151729e-85 2.242069801188191090e-250 5.086419088510151729e-85 0.000000000000000000e+00 0.000000000000000000e+00
4.837590264290000164e+00 -5.086419088510151729e-85 1.873674521486688985e-250 5.086419088510151729e-85 0.000000000000000000e+00 0.000000000000000000e+00
4.847590264289999951e+00 -5.086419088510151729e-85 1.505279241785187191e-250 5.086419088510151729e-85 0.000000000000000000e+00 0.000000000000000000e+00
4.857590264289999737e+00 -5.086419088510151729e-85 1.136883962079078725e-250 5.086419088510151729e-85 0.000000000000000000e+00 0.000000000000000000e+00
4.867590264290000412e+00 -5.086419088510151729e-85 7.684886823775766201e-251 5.086419088510151729e-85 0.000000000000000000e+00 0.000000000000000000e+00
4.877590264290000199e+00 -5.086419088510151729e-85 4.000934026751532742e-251 5.086419088510151729e-85 0.000000000000000000e+00 0.000000000000000000e+00
4.887590264289999986e+00 -5.086419088510151729e-85 3.169812297194689365e-252 5.086419088510151729e-85 0.000000000000000000e+00 0.000000000000000000e+00
4.897590264289999773e+00 -5.086419088510151729e-85 -1.671539119368833313e-264 5.086419088510151729e-85 0.000000000000000000e+00 0.000000000000000000e+00
4.907590264289999560e+00 -5.086419088510151729e-85 -1.655179082504823167e-264 5.086419088510151729e-85 0.000000000000000000e+00 0.000000000000000000e+00
4.917590264290000235e+00 -5.086419088510151729e-85 -1.638819045636206822e-264 5.086419088510151729e-85 0.000000000000000000e+00 0.000000000000000000e+00
4.927590264290000022e+00 -5.086419088510151729e-85 -1.622459008767590257e-264 5.086419088510151729e-85 0.000000000000000000e+00 0.000000000000000000e+00
4.937590264289999809e+00 -5.086419088510151729e-85 -1.606098971898973913e-264 5.086419088510151729e-85 0.000000000000000000e+00 0.000000000000000000e+00
4.947590264289999595e+00 -5.086419088510151729e-85 -1.589738935030357568e-264 5.086419088510151729e-85 0.000000000000000000e+00 0.000000000000000000e+00
4.957590264290000270e+00 -5.086419088510151729e-85 -1.573378898166347422e-264 5.086419088510151729e-85 0.000000000000000000e+00 0.000000000000000000e+00
4.967590264290000057e+00 -5.086419088510151729e-85 -1.557018861297731078e-264 5.086419088510151729e-85 0.000000000000000000e+00 0.000000000000000000e+00
4.977590264289999844e+00 -5.086419088510151729e-85 -1.540658824429114513e-264 5.086419088510151729e-85 0.000000000000000000e+00 0.000000000000000000e+00
4.987590264289999631e+00 -5.086419088510151729e-85 -1.524298787560498388e-264 5.086419088510151729e-85 0.000000000000000000e+00 0.000000000000000000e+00
4.997590264290000306e+00 -5.086419088510151729e-85 -1.507938750696488242e-264 5.086419088510151729e-85 0.000000000000000000e+00 0.000000000000000000e+00
5.007590264290000093e+00 -5.086419088510151729e-85 -1.491578713827871677e-264 5.086419088510151729e-85 0.000000000000000000e+00 0.000000000000000000e+00
5.017590264289999880e+00 -5.086419088510151729e-85 -1.475218676959255333e-264 5.086419088510151729e-85 0.000000000000000000e+00 0.000000000000000000e+00
5.027590264289999666e+00 -5.086419088510151729e-85 -1.458858640090638768e-264 5.086419088510151729e-85 0.000000000000000000e+00 0.000000000000000000e+00
5.037590264290000341e+00 -5.086419088510151729e-85 -1.442498603222022643e-264 5.086419088510151729e-85 0.000000000000000000e+00 0.000000000000000000e+00
5.047590264290000128e+00 -5.086419088510151729e-85 -1.426138566358012497e-264 5.086419088510151729e-85 0.000000000000000000e+00 0.000000000000000000e+00
5.057590264289999915e+00 -5.086419088510151729e-85 -1.409778529489395932e-264 5.086419088510151729e-85 0.000000000000000000e+00 0.000000000000000000e+00
5.067590264289999702e+00 -5.086419088510151729e-85 -1.393418492620779588e-264 5.086419088510151729e-85 0.000000000000000000e+00 0.000000000000000000e+00
5.077590264290000377e+00 -5.086419088510151729e-85 -1.377058455752163243e-264 5.086419088510151729e-85 0.000000000000000000e+00 0.000000000000000000e+00
5.087590264290000164e+00 -5.086419088510151729e-85 -1.360698418888152877e-264 5.086419088510151729e-85 0.000000000000000000e+00 0.000000000000000000e+00
5.097590264289999951e+00 -5.086419088510151729e-85 -1.344338382019536752e-264 5.086419088510151729e-85 0.000000000000000000e+00 0.000000000000000000e+00
5.107590264289999737e+00 -5.086419088510151729e-85 -1.327978345150920187e-264 5.086419088510151729e-85 0.000000000000000000e+00 0.000000000000000000e+00
5.117590264290000412e+00 -5.086419088510151729e-85 -1.311618308282303843e-264 5.086419088510151729e-85 0.000000000000000000e+00 0.000000000000000000e+00
5.127590264290000199e+00 -5.086419088510151729e-85 -1.295258271413687498e-264 5.086419088510151729e-85 0.000000000000000000e+00 0.000000000000000000e+00
5.137590264289999986e+00 -5.086419088510151729e-85 -1.278898234549677352e-264 5.086419088510151729e-85 0.000000000000000000e+00 0.000000000000000000e+00
5.147590264289999773e+00 -5.086419088510151729e-85 -1.262538197681061007e-264 5.086419088510151729e-85 0.000000000000000000e+00 0.000000000000000000e+00
5.157590264289999560e+00 -5.086419088510151729e-85 -1.246178160812444443e-264 5.086419088510151729e-85 0.000000000000000000e+00 0.000000000000000000e+00
5.167590264290000235e+00 -5.086419088510151729e-85 -1.229818123943828098e-264 5.086419088510151729e-85 0.000000000000000000e+00 0.000000000000000000e+00
5.177590264290000022e+00 -5.086419088510151729e-85 -1.213458087079817952e-264 5.086419088510151729e-85 0.000000000000000000e+00 0.000000000000000000e+00
5.187590264289999809e+00 -5.086419088510151729e-85 -1.197098050211201607e-264 5.086419088510151729e-85 0.000000000000000000e+00 0.000000000000000000e+00
5.197590264289999595e+00 -5.086419088510151729e-85 -1.180738013342585263e-264 5.086419088510151729e-85 0.000000000000000000e+00 0.000000000000000000e+00
5.207590264290000270e+00 -5.086419088510151729e-85 -1.164377976473968918e-264 5.086419088510151729e-85 0.000000000000000000e+00 0.000000000000000000e+00
5.217590264290000057e+00 -5.086419088510151729e-85 -1.148017939605352573e-264 5.086419088510151729e-85 0.000000000000000000e+00 0.000000000000000000e+00
5.227590264289999844e+00 -5.086419088510151729e-85 -1.131657902741342427e-264 5.086419088510151729e-85 0.000000000000000000e+00 0.000000000000000000e+00
5.237590264289999631e+00 -5.086419088510151729e-85 -1.115297865872725862e-264 5.086419088510151729e-85 0.000000000000000000e+00 0.000000000000000000e+00
5.247590264290000306e+00 -5.086419088510151729e-85 -1.098937829004109518e-264 5.086419088510151729e-85 0.000000000000000000e+00 0.000000000000000000e+00
5.257590264290000093e+00 -5.086419088510151729e-85 -1.082577792135493173e-264 5.086419088510151729e-85 0.000000000000000000e+00 0.000000000000000000e+00
5.267590264289999880e+00 -5.086419088510151729e-85 -1.066217755271483027e-264 5.086419088510151729e-85 0.000000000000000000e+00 0.000000000000000000e+00
5.277590264289999666e+00 -5.086419088510151729e-85 -1.049857718402866682e-264 5.086419088510151729e-85 0.000000000000000000e+00 0.000000000000000000e+00
5.287590264290000341e+00 -5.086419088510151729e-85 -1.033497681534250338e-264 5.086419088510151729e-85 0.000000000000000000e+00 0.000000000000000000e+00
5.297590264290000128e+00 -5.086419088510151729e-85 -1.017137644665633773e-264 5.086419088510151729e-85 0.000000000000000000e+00 0.000000000000000000e+00
5.307590264289999915e+00 -5.086419088510151729e-85 -1.000777607801623627e-264 5.086419088510151729e-85 0.000000000000000000e+00 0.000000000000000000e+00
5.317590264289999702e+00 -5.086419088510151729e-85 -9.844175709330071718e-265 5.086419088510151729e-85 0.000000000000000000e+00 0.000000000000000000e+00
5.327590264290000377e+00 -5.086419088510151729e-85 -9.680575340643909374e-265 5.086419088510151729e-85 0.000000000000000000e+00 0.000000000000000000e+00
5.337590264290000164e+00 -5.086419088510151729e-85 -9.516974971957744826e-265 5.086419088510151729e-85 0.000000000000000000e+00 0.000000000000000000e+00
5.347590264289999951e+00 -5.086419088510151729e-85 -9.353374603271581380e-265 5.086419088510151729e-85 0.000000000000000000e+00 0.000000000000000000e+00
5.357590264289999737e+00 -5.086419088510151729e-85 -9.189774234631478817e-265 5.086419088510151729e-85 0.000000000000000000e+00 0.000000000000000000e+00
5.367590264290000412e+00 -5.086419088510151729e-85 -9.026173865945316473e-265 5.086419088510151729e-85 0.000000000000000000e+00 0.000000000000000000e+00
5.377590264290000199e+00 -5.086419088510151729e-85 -8.862573497259151925e-265 5.086419088510151729e-85 0.000000000000000000e+00 0.000000000000000000e+00
5.387590264289999986e+00 -5.086419088510151729e-85 -8.698973128572988479e-265 5.086419088510151729e-85 0.000000000000000000e+00 0.000000000000000000e+00
5.397590264289999773e+00 -5.086419088510151729e-85 -8.535372759932885916e-265 5.086419088510151729e-85 0.000000000000000000e+00 0.000000000000000000e+00
5.407590264289999560e+00 -5.086419088510151729e-85 -8.371772391246722470e-265 5.086419088510151729e-85 0.000000000000000000e+00 0.000000000000000000e+00
5.417590264290000235e+00 -5.086419088510151729e-85 -8.208172022560557922e-265 5.086419088510151729e-85 0.000000000000000000e+00 0.000000000000000000e+00
5.427590264290000022e+00 -5.086419088510151729e-85 -8.044571653874395578e-265 5.086419088510151729e-85 0.000000000000000000e+00 0.000000000000000000e+00
5.437590264289999809e+00 -5.086419088510151729e-85 -7.880971285188232132e-265 5.086419088510151729e-85 0.000000000000000000e+00 0.000000000000000000e+00
5.447590264289999595e+00 -5.086419088510151729e-85 -7.717370916548128467e-265 5.086419088510151729e-85 0.000000000000000000e+00 0.000000000000000000e+00
5.457590264290000270e+00 -5.086419088510151729e-85 -7.553770547861965021e-265 5.086419088510151729e-85 0.000000000000000000e+00 0.000000000000000000e+00
5.467590264290000057e+00 -5.086419088510151729e-85 -7.390170179175802676e-265 5.086419088510151729e-85 0.000000000000000000e+00 0.000000000000000000e+00
5.477590264289999844e+00 -5.086419088510151729e-85 -7.226569810489638129e-265 5.086419088510151729e-85 0.000000000000000000e+00 0.000000000000000000e+00
5.487590264289999631e+00 -5.086419088510151729e-85 -7.062969441849535566e-265 5.086419088510151729e-85 0.000000000000000000e+00 0.000000000000000000e+00
5.497590264290000306e+00 -5.086419088510151729e-85 -6.899369073163372120e-265 5.086419088510151729e-85 0.000000000000000000e+00 0.000000000000000000e+00
5.507590264290000093e+00 -5.086419088510151729e-85 -6.735768704477208673e-265 5.086419088510151729e-85 0.000000000000000000e+00 0.000000000000000000e+00
5.517590264289999880e+00 -5.086419088510151729e-85 -6.572168335791045227e-265 5.086419088510151729e-85 0.000000000000000000e+00 0.000000000000000000e+00
5.527590264289999666e+00 -5.086419088510151729e-85 -6.408567967104881781e-265 5.086419088510151729e-85 0.000000000000000000e+00 0.000000000000000000e+00
5.537590264290000341e+00 -5.086419088510151729e-85 -6.244967598464779218e-265 5.086419088510151729e-85 0.000000000000000000e+00 0.000000000000000000e+00
5.547590264290000128e+00 -5.086419088510151729e-85 -6.081367229778615772e-265 5.086419088510151729e-85 0.000000000000000000e+00 0.000000000000000000e+00
5.557590264289999915e+00 -5.086419088510151729e-85 -5.917766861092452326e-265 5.086419088510151729e-85 0.000000000000000000e+00 0.000000000000000000e+00
5.567590264289999702e+00 -5.086419088510151729e-85 -5.754166492406287778e-265 5.086419088510151729e-85 0.000000000000000000e+00 0.000000000000000000e+00
5.577590264290000377e+00 -5.086419088510151729e-85 -5.590566123766186317e-265 5.086419088510151729e-85 0.000000000000000000e+00 0.000000000000000000e+00
5.587590264290000164e+00 -5.086419088510151729e-85 -5.426965755080022871e-265 5.086419088510151729e-85 0.000000000000000000e+00 0.000000000000000000e+00
5.597590264289999951e+00 -5.086419088510151729e-85 -5.263365386393858323e-265 5.086419088510151729e-85 0.000000000000000000e+00 0.000000000000000000e+00
5.607590264289999737e+00 -5.086419088510151729e-85 -5.099765017707694877e-265 5.086419088510151729e-85 0.000000000000000000e+00 0.000000000000000000e+00
5.617590264290000412e+00 -5.086419088510151729e-85 -4.936164649021530329e-265 5.086419088510151729e-85 0.000000000000000000e+00 0.000000000000000000e+00
5.627590264290000199e+00 -5.086419088510151729e-85 -4.772564280381428868e-265 5.086419088510151729e-85 0.000000000000000000e+00 0.000000000000000000e+00
5.637590264289999986e+00 -5.086419088510151729e-85 -4.608963911695265422e-265 5.086419088510151729e-85 0.000000000000000000e+00 0.000000000000000000e+00
5.647590264289999773e+00 -5.086419088510151729e-85 -4.445363543013708064e-265 5.086419088510151729e-85 0.000000000000000000e+00 0.000000000000000000e+00
5.657590264289999560e+00 -5.086419088510151729e-85 -4.281763174341362883e-265 5.086419088510151729e-85 0.000000000000000000e+00 0.000000000000000000e+00
5.667590264290000235e+00 -5.086419088510151729e-85 -4.118162805664411063e-265 5.086419088510151729e-85 0.000000000000000000e+00 0.000000000000000000e+00
5.677590264290000022e+00 -5.086419088510151729e-85 -3.954562436987459242e-265 5.086419088510151729e-85 0.000000000000000000e+00 0.000000000000000000e+00
5.687590264289999809e+00 -5.086419088510151729e-85 -3.790962068310507973e-265 5.086419088510151729e-85 0.000000000000000000e+00 0.000000000000000000e+00
5.697590264289999595e+00 -5.086419088510151729e-85 -3.627361699638162792e-265 5.086419088510151729e-85 0.000000000000000000e+00 0.000000000000000000e+00
5.707590264290000270e+00 -5.086419088510151729e-85 -3.463761330961211522e-265 5.086419088510151729e-85 0.000000000000000000e+00 0.000000000000000000e+00
5.717590264290000057e+00 -5.086419088510151729e-85 -3.300160962284260253e-265 5.086419088510151729e-85 0.000000000000000000e+00 0.000000000000000000e+00
5.727590264289999844e+00 -5.086419088510151729e-85 -3.136560593607308432e-265 5.086419088510151729e-85 0.000000000000000000e+00 0.000000000000000000e+00
5.737590264289999631e+00 -5.086419088510151729e-85 -2.972960224934963251e-265 5.086419088510151729e-85 0.000000000000000000e+00 0.000000000000000000e+00
5.747590264290000306e+00 -5.086419088510151729e-85 -2.809359856258011982e-265 5.086419088510151729e-85 0.000000000000000000e+00 0.000000000000000000e+00
5.757590264290000093e+00 -5.086419088510151729e-85 -2.645759487581060712e-265 5.086419088510151729e-85 0.000000000000000000e+00 0.000000000000000000e+00
5.767590264289999880e+00 -5.086419088510151729e-85 -2.482159118904108892e-265 5.086419088510151729e-85 0.000000000000000000e+00 0.000000000000000000e+00
5.777590264289999666e+00 -5.086419088510151729e-85 -2.318558750231763986e-265 5.086419088510151729e-85 0.000000000000000000e+00 0.000000000000000000e+00
5.787590264290000341e+00 -5.086419088510151729e-85 -2.154958381554812717e-265 5.086419088510151729e-85 0.000000000000000000e+00 0.000000000000000000e+00
5.797590264290000128e+00 -5.086419088510151729e-85 -1.991358012877861172e-265 5.086419088510151729e-85 0.000000000000000000e+00 0.000000000000000000e+00
5.807590264289999915e+00 -5.086419088510151729e-85 -1.827757644200909902e-265 5.086419088510151729e-85 0.000000000000000000e+00 0.000000000000000000e+00
5.817590264289999702e+00 -5.086419088510151729e-85 -1.664157275528564721e-265 5.086419088510151729e-85 0.000000000000000000e+00 0.000000000000000000e+00
5.827590264290000377e+00 -5.086419088510151729e-85 -1.500556906851613176e-265 5.086419088510151729e-85 0.000000000000000000e+00 0.000000000000000000e+00
5.837590264290000164e+00 -5.086419088510151729e-85 -1.336956538174661631e-265 5.086419088510151729e-85 0.000000000000000000e+00 0.000000000000000000e+00
5.847590264289999951e+00 -5.086419088510151729e-85 -1.173356169497710500e-265 5.086419088510151729e-85 0.000000000000000000e+00 0.000000000000000000e+00
5.857590264289999737e+00 -5.086419088510151729e-85 -1.009755800825365181e-265 5.086419088510151729e-85 0.000000000000000000e+00 0.000000000000000000e+00
5.867590264290000412e+00 -5.086419088510151729e-85 -8.461554321484137737e-266 5.086419088510151729e-85 0.000000000000000000e+00 0.000000000000000000e+00
5.877590264290000199e+00 -5.086419088510151729e-85 -6.825550634714625042e-266 5.086419088510151729e-85 0.000000000000000000e+00 0.000000000000000000e+00
5.887590264289999986e+00 -5.086419088510151729e-85 -5.189546947945110282e-266 5.086419088510151729e-85 0.000000000000000000e+00 0.000000000000000000e+00
5.897590264289999773e+00 -5.086419088510151729e-85 -3.553543261203233566e-266 5.086419088510151729e-85 0.000000000000000000e+00 0.000000000000000000e+00
5.907590264289999560e+00 -5.086419088510151729e-85 -1.917539574442931602e-266 5.086419088510151729e-85 0.000000000000000000e+00 0.000000000000000000e+00
5.917590264290000235e+00 -5.086419088510151729e-85 -2.815358876867755167e-267 5.086419088510151729e-85 0.000000000000000000e+00 0.000000000000000000e+00
5.927590264290000022e+00 -5.086419088510151729e-85 -9.605836966826865784e-282 5.086419088510151729e-85 0.000000000000000000e+00 0.000000000000000000e+00
5.937590264289999809e+00 -5.086419088510151729e-85 -2.120831633387585635e-281 5.086419088510151729e-85 0.000000000000000000e+00 0.000000000000000000e+00
5.947590264289999595e+00 -5.086419088510151729e-85 -3.281079570097091134e-281 5.086419088510151729e-85 0.000000000000000000e+00 0.000000000000000000e+00
5.957590264290000270e+00 -5.086419088510151729e-85 -4.441327506806596328e-281 5.086419088510151729e-85 0.000000000000000000e+00 0.000000000000000000e+00
5.967590264290000057e+00 -5.086419088510151729e-85 -5.601575443502281886e-281 5.086419088510151729e-85 0.000000000000000000e+00 0.000000000000000000e+00
5.977590264289999844e+00 -5.086419088510151729e-85 -6.761823380221000578e-281 5.086419088510151729e-85 0.000000000000000000e+00 0.000000000000000000e+00
5.987590264289999631e+00 -5.086419088510151729e-85 -7.922071316939718048e-281 5.086419088510151729e-85 0.000000000000000000e+00 0.000000000000000000e+00
5.997590264290000306e+00 -5.086419088510151729e-85 -9.082319253658435517e-281 5.086419088510151729e-85 0.000000000000000000e+00 0.000000000000000000e+00
6.000000000000000000e+00 -5.086419088510151729e-85 -9.361908341888536985e-281 5.086419088510151729e-85 0.000000000000000000e+00 0.000000000000000000e+00
